{"currentFrameRate":107.003,"gestures":[],"hands":[{"direction":[-0.342259,0.460016,-0.819295],"id":20,"palmNormal":[-0.139715,-0.887179,-0.439766],"palmPosition":[21.4705,97.3358,70.099],"palmVelocity":[371.473,-17.702,-102.695],"r":[[0.815617,0.548235,-0.18495],[-0.53244,0.836283,0.130911],[0.226441,-0.0082985,0.97399]],"s":1.06354,"sphereCenter":[3.93351,34.0117,36.987],"sphereRadius":98.3845,"stabilizedPalmPosition":[18.1653,97.7059,71.3424],"t":[-0.78365,-41.3337,-109.924],"timeVisible":0.271022}],"id":1198831,"interactionBox":{"center":[0,200,0],"size":[221.418,221.418,154.742]},"pointables":[{"direction":[0.0313443,0.000326865,-0.999509],"handId":20,"id":73,"length":24.5547,"stabilizedTipPosition":[22.5748,121.224,-17.3868],"timeVisible":0.140184,"tipPosition":[22.5997,121.222,-17.3911],"tipVelocity":[627.004,-57.8372,-86.6303],"tool":false,"touchDistance":0.333333,"touchZone":"hovering"},{"direction":[-0.12486,0.0883333,-0.988234],"handId":20,"id":22,"length":58.807,"stabilizedTipPosition":[41.2153,114.861,-11.1484],"timeVisible":0,"tipPosition":[41.2153,114.861,-11.1484],"tipVelocity":[573.764,-135.575,-7.31427],"tool":false,"touchDistance":0.333333,"touchZone":"hovering"},{"direction":[-0.322682,-0.039995,-0.945662],"handId":20,"id":85,"length":69.9809,"stabilizedTipPosition":[-43.533,116.51,18.4766],"timeVisible":0.23364,"tipPosition":[-24.7247,118.803,7.55536],"tipVelocity":[647.826,80.342,-171.614],"tool":false,"touchDistance":0.333333,"touchZone":"hovering"},{"direction":[0.00320632,0.117912,-0.993019],"handId":20,"id":44,"length":61.8162,"stabilizedTipPosition":[76.7894,91.3634,13.6806],"timeVisible":0.261677,"tipPosition":[76.7894,91.3634,13.6806],"tipVelocity":[412.2,-208.882,-4.77243],"tool":false,"touchDistance":0.333333,"touchZone":"hovering"},{"direction":[-0.66168,0.445098,-0.603379],"handId":20,"id":80,"length":37.4363,"stabilizedTipPosition":[-52.4314,88.6722,82.361],"timeVisible":0.056073,"tipPosition":[-50.9238,89.6735,81.3158],"tipVelocity":[348.956,211.379,-230.372],"tool":false,"touchDistance":0.333333,"touchZone":"hovering"}],"r":[[-0.215849,0.42162,0.880708],[0.413917,0.856428,-0.308551],[-0.884354,0.29794,-0.359375]],"s":-175.532,"t":[2530.88,-24142.1,13406.4],"timestamp":17578432155}
{"currentFrameRate":107,"gestures":[],"hands":[{"direction":[-0.327128,0.466351,-0.821891],"id":20,"palmNormal":[-0.15281,-0.884403,-0.441],"palmPosition":[25.1193,97.3311,69.3849],"palmVelocity":[390.415,-0.499087,-76.4024],"r":[[0.798362,0.568765,-0.1978],[-0.550098,0.822473,0.144672],[0.244969,-0.00669095,0.969508]],"s":1.05608,"sphereCenter":[5.37916,35.1923,36.1812],"sphereRadius":97.0079,"stabilizedPalmPosition":[21.7849,97.5108,70.3235],"t":[4.15828,-41.3392,-110.674],"timeVisible":0.280368}],"id":1198833,"interactionBox":{"center":[0,200,0],"size":[221.418,221.418,154.742]},"pointables":[{"direction":[0.0403491,-0.013125,-0.999099],"handId":20,"id":73,"length":24.4013,"stabilizedTipPosition":[28.4316,120.884,-18.0488],"timeVisible":0.14953,"tipPosition":[28.4529,120.882,-18.0512],"tipVelocity":[610.236,-31.141,-43.8473],"tool":false,"touchDistance":0.333333,"touchZone":"hovering"},{"direction":[-0.11279,0.0855956,-0.989925],"handId":20,"id":22,"length":55.9255,"stabilizedTipPosition":[46.6074,113.77,-12.2276],"timeVisible":0.009346,"tipPosition":[46.6074,113.77,-12.2276],"tipVelocity":[521.632,-111.007,-147.067],"tool":false,"touchDistance":0.333333,"touchZone":"hovering"},{"direction":[-0.308935,-0.0441304,-0.950059],"handId":20,"id":85,"length":70.4518,"stabilizedTipPosition":[-38.1372,117.187,15.8108],"timeVisible":0.242986,"tipPosition":[-18.6669,119.633,6.19144],"tipVelocity":[642.965,87.817,-112.602],"tool":false,"touchDistance":0.333333,"touchZone":"hovering"},{"direction":[0.0145726,0.0960393,-0.995271],"handId":20,"id":44,"length":61.2902,"stabilizedTipPosition":[80.6186,89.6168,13.7473],"timeVisible":0.271023,"tipPosition":[80.6186,89.6168,13.7473],"tipVelocity":[398.707,-174.799,21.0747],"tool":false,"touchDistance":0.333333,"touchZone":"hovering"},{"direction":[-0.657023,0.446677,-0.607289],"handId":20,"id":80,"length":37.8891,"stabilizedTipPosition":[-49.5891,90.4096,80.672],"timeVisible":0.065419,"tipPosition":[-47.6061,91.6218,79.4936],"tipVelocity":[385.885,222.976,-210.788],"tool":false,"touchDistance":0.333333,"touchZone":"hovering"}],"r":[[-0.190864,0.437619,0.87867],[0.410666,0.848625,-0.333451],[-0.891585,0.297196,-0.341688]],"s":-175.54,"t":[2535.83,-24142.1,13405.7],"timestamp":17578441501}
{"currentFrameRate":107.006,"gestures":[],"hands":[{"direction":[-0.311173,0.471335,-0.825236],"id":20,"palmNormal":[-0.165041,-0.881954,-0.441497],"palmPosition":[28.9546,97.5442,69.0446],"palmVelocity":[410.407,22.804,-36.4201],"r":[[0.781604,0.587578,-0.209395],[-0.566041,0.809153,0.157697],[0.262092,-0.00473045,0.965031]],"s":1.04722,"sphereCenter":[7.20632,36.8157,35.6694],"sphereRadius":95.4109,"stabilizedPalmPosition":[25.7017,97.5291,69.6248],"t":[9.09385,-40.9559,-110.769],"timeVisible":0.289713}],"id":1198835,"interactionBox":{"center":[0,200,0],"size":[221.418,221.418,154.742]},"pointables":[{"direction":[0.046466,-0.0342732,-0.998332],"handId":20,"id":73,"length":24.0826,"stabilizedTipPosition":[34.2257,120.957,-18.2155],"timeVisible":0.158875,"tipPosition":[34.2444,120.958,-18.2161],"tipVelocity":[593.384,17.9128,15.8851],"tool":false,"touchDistance":0.333333,"touchZone":"hovering"},{"direction":[-0.0993341,0.0800197,-0.991831],"handId":20,"id":22,"length":53.3533,"stabilizedTipPosition":[51.7489,112.964,-12.6545],"timeVisible":0.018691,"tipPosition":[51.7489,112.964,-12.6545],"tipVelocity":[526.337,-81.6689,3.46021],"tool":false,"touchDistance":0.333333,"touchZone":"hovering"},{"direction":[-0.295746,-0.0494437,-0.953986],"handId":20,"id":85,"length":70.9579,"stabilizedTipPosition":[-31.8448,118.007,13.2424],"timeVisible":0.252331,"tipPosition":[-12.6006,120.515,5.38765],"tipVelocity":[639.592,93.2396,-47.9105],"tool":false,"touchDistance":0.333333,"touchZone":"hovering"},{"direction":[0.0227555,0.0743732,-0.996971],"handId":20,"id":44,"length":60.8075,"stabilizedTipPosition":[84.3419,88.2263,14.1058],"timeVisible":0.280368,"tipPosition":[84.3419,88.2263,14.1058],"tipVelocity":[389.852,-138.07,51.1292],"tool":false,"touchDistance":0.333333,"touchZone":"hovering"},{"direction":[-0.652943,0.450777,-0.608659],"handId":20,"id":80,"length":38.0143,"stabilizedTipPosition":[-46.418,92.2057,79.0921],"timeVisible":0.074764,"tipPosition":[-43.8848,93.6405,77.83],"tipVelocity":[428.938,226.738,-182.229],"tool":false,"touchDistance":0.333333,"touchZone":"hovering"}],"r":[[-0.167539,0.452381,0.875946],[0.407074,0.840969,-0.356458],[-0.897899,0.296854,-0.325048]],"s":-175.548,"t":[2540.76,-24141.7,13405.6],"timestamp":17578450846}
{"currentFrameRate":107.002,"gestures":[],"hands":[{"direction":[-0.29509,0.475422,-0.828792],"id":20,"palmNormal":[-0.175771,-0.879625,-0.442],"palmPosition":[32.9385,97.8587,69.1834],"palmVelocity":[426.269,33.6474,14.8477],"r":[[0.765804,0.604272,-0.22],[-0.580096,0.796776,0.169222],[0.277547,-0.00196964,0.96071]],"s":1.03765,"sphereCenter":[9.40663,38.8287,35.447],"sphereRadius":93.6276,"stabilizedPalmPosition":[29.8705,97.719,69.3705],"t":[13.9778,-40.259,-110.3],"timeVisible":0.299059}],"id":1198837,"interactionBox":{"center":[0,200,0],"size":[221.418,221.418,154.742]},"pointables":[{"direction":[0.0528225,-0.0433213,-0.997664],"handId":20,"id":73,"length":20.6794,"stabilizedTipPosition":[39.8843,121.447,-17.9277],"timeVisible":0.168221,"tipPosition":[39.9005,121.448,-17.9269],"tipVelocity":[590.536,65.6642,64.711],"tool":false,"touchDistance":0.333333,"touchZone":"hovering"},{"direction":[-0.0849873,0.0759566,-0.993483],"handId":20,"id":22,"length":51.172,"stabilizedTipPosition":[56.6461,112.36,-12.3996],"timeVisible":0.028037,"tipPosition":[56.6461,112.36,-12.3996],"tipVelocity":[517.272,-61.8556,101.4],"tool":false,"touchDistance":0.333333,"touchZone":"hovering"},{"direction":[-0.282576,-0.0561601,-0.9576],"handId":20,"id":85,"length":71.439,"stabilizedTipPosition":[-24.6621,118.986,10.9178],"timeVisible":0.261677,"tipPosition":[-6.56447,121.451,5.06075],"tipVelocity":[634.899,99.1904,2.11119],"tool":false,"touchDistance":0.333333,"touchZone":"hovering"},{"direction":[0.025288,0.0530295,-0.998273],"handId":20,"id":44,"length":60.3161,"stabilizedTipPosition":[87.9739,87.1903,14.7985],"timeVisible":0.289714,"tipPosition":[87.9739,87.1903,14.7985],"tipVelocity":[382.423,-101.195,86.645],"tool":false,"touchDistance":0.333333,"touchZone":"hovering"},{"direction":[-0.64882,0.453434,-0.61109],"handId":20,"id":80,"length":38.3294,"stabilizedTipPosition":[-42.9281,93.9368,77.7034],"timeVisible":0.08411,"tipPosition":[-39.8602,95.4587,76.4825],"tipVelocity":[462.998,187.625,-136.558],"tool":false,"touchDistance":0.333333,"touchZone":"hovering"}],"r":[[-0.146036,0.465412,0.872963],[0.40373,0.833634,-0.376905],[-0.903148,0.2974,-0.309642]],"s":-175.558,"t":[2545.65,-24141,13406],"timestamp":17578460192}
{"currentFrameRate":107,"gestures":[],"hands":[{"direction":[-0.278068,0.483925,-0.829756],"id":20,"palmNormal":[-0.185735,-0.874609,-0.447841],"palmPosition":[37.0741,98.5403,69.5256],"palmVelocity":[442.505,72.9255,36.6235],"r":[[0.750519,0.619295,-0.230641],[-0.59272,0.785156,0.179478],[0.292239,0.00200415,0.956343]],"s":1.027,"sphereCenter":[11.9197,41.1016,35.4448],"sphereRadius":91.7699,"stabilizedPalmPosition":[34.2516,98.2185,69.4649],"t":[19.1251,-39.3039,-109.469],"timeVisible":0.308405}],"id":1198839,"interactionBox":{"center":[0,200,0],"size":[221.418,221.418,154.742]},"pointables":[{"direction":[0.0459151,-0.0520426,-0.997589],"handId":20,"id":73,"length":23.4774,"stabilizedTipPosition":[45.4974,122.406,-17.2998],"timeVisible":0.177567,"tipPosition":[45.5117,122.408,-17.2982],"tipVelocity":[593.988,120.632,97.0593],"tool":false,"touchDistance":0.333333,"touchZone":"hovering"},{"direction":[-0.09194,0.0607791,-0.993908],"handId":20,"id":22,"length":51.2712,"stabilizedTipPosition":[61.6927,112.214,-10.9039],"timeVisible":0.037383,"tipPosition":[61.6927,112.214,-10.9039],"tipVelocity":[559.993,-9.40569,295.587],"tool":false,"touchDistance":0.333333,"touchZone":"hovering"},{"direction":[-0.26982,-0.0636136,-0.960807],"handId":20,"id":85,"length":71.891,"stabilizedTipPosition":[-16.747,120.138,9.04314],"timeVisible":0.271023,"tipPosition":[-0.56985,122.492,5.21157],"tipVelocity":[637.123,111.405,52.7217],"tool":false,"touchDistance":0.333333,"touchZone":"hovering"},{"direction":[0.0249237,0.0328715,-0.999149],"handId":20,"id":44,"length":59.8363,"stabilizedTipPosition":[91.5407,86.5047,15.8653],"timeVisible":0.29906,"tipPosition":[91.5407,86.5047,15.8653],"tipVelocity":[377.682,-64.4359,127.147],"tool":false,"touchDistance":0.333333,"touchZone":"hovering"},{"direction":[-0.644076,0.45706,-0.613402],"handId":20,"id":80,"length":38.6341,"stabilizedTipPosition":[-39.0856,95.6983,76.5154],"timeVisible":0.093456,"tipPosition":[-35.5562,97.3162,75.4243],"tipVelocity":[492.737,198.371,-97.5317],"tool":false,"touchDistance":0.333333,"touchZone":"hovering"}],"r":[[-0.125203,0.476828,0.870034],[0.40068,0.82654,-0.395331],[-0.907623,0.299109,-0.294541]],"s":-175.569,"t":[2550.79,-24140,13406.9],"timestamp":17578469538}
{"currentFrameRate":107.003,"gestures":[],"hands":[{"direction":[-0.261443,0.490292,-0.831421],"id":20,"palmNormal":[-0.193422,-0.870521,-0.452527],"palmPosition":[41.354,99.3871,70.1516],"palmVelocity":[457.986,90.6178,66.9811],"r":[[0.735785,0.633162,-0.240262],[-0.604399,0.773993,0.188777],[0.305487,0.00631455,0.952175]],"s":1.01532,"sphereCenter":[14.8077,43.7342,35.7803],"sphereRadius":89.799,"stabilizedPalmPosition":[38.8061,98.9679,69.9052],"t":[24.5566,-37.9238,-108.244],"timeVisible":0.31775}],"id":1198841,"interactionBox":{"center":[0,200,0],"size":[221.418,221.418,154.742]},"pointables":[{"direction":[0.0400059,-0.0585077,-0.997485],"handId":20,"id":73,"length":26.2623,"stabilizedTipPosition":[51.2848,123.851,-16.1592],"timeVisible":0.186912,"tipPosition":[51.2979,123.854,-16.1567],"tipVelocity":[607.002,175.052,155.801],"tool":false,"touchDistance":0.333333,"touchZone":"hovering"},{"direction":[-0.0980556,0.045802,-0.994126],"handId":20,"id":22,"length":51.4353,"stabilizedTipPosition":[66.8712,112.4,-9.34786],"timeVisible":0.046728,"tipPosition":[66.8712,112.4,-9.34786],"tipVelocity":[561.721,28.7161,206.871],"tool":false,"touchDistance":0.333333,"touchZone":"hovering"},{"direction":[-0.257664,-0.068901,-0.963775],"handId":20,"id":85,"length":72.3141,"stabilizedTipPosition":[-8.36237,121.53,7.86176],"timeVisible":0.280368,"tipPosition":[5.50291,123.834,5.90816],"tipVelocity":[647.11,144.83,115.087],"tool":false,"touchDistance":0.333333,"touchZone":"hovering"},{"direction":[0.0214435,0.0136188,-0.999677],"handId":20,"id":44,"length":59.4013,"stabilizedTipPosition":[95.0784,86.1922,17.2167],"timeVisible":0.308405,"tipPosition":[95.0784,86.1922,17.2167],"tipVelocity":[376.089,-24.3251,156.229],"tool":false,"touchDistance":0.333333,"touchZone":"hovering"},{"direction":[-0.639045,0.462934,-0.614259],"handId":20,"id":80,"length":38.5555,"stabilizedTipPosition":[-34.7991,97.5939,75.4963],"timeVisible":0.102801,"tipPosition":[-30.8342,99.3473,74.5537],"tipVelocity":[541.502,229.045,-75.0422],"tool":false,"touchDistance":0.333333,"touchZone":"hovering"}],"r":[[-0.105753,0.487457,0.866719],[0.397906,0.819528,-0.412365],[-0.91131,0.301264,-0.28063]],"s":-175.58,"t":[2556.23,-24138.6,13408.1],"timestamp":17578478883}
{"currentFrameRate":107,"gestures":[],"hands":[{"direction":[-0.246832,0.494899,-0.833156],"id":20,"palmNormal":[-0.193032,-0.867639,-0.458194],"palmPosition":[45.7069,100.412,71.0812],"palmVelocity":[465.75,109.622,99.4693],"r":[[0.722118,0.645117,-0.249738],[-0.614627,0.763994,0.196335],[0.317458,0.0117184,0.9482]],"s":1.00296,"sphereCenter":[18.0174,46.6034,36.297],"sphereRadius":87.7891,"stabilizedPalmPosition":[43.4548,99.9404,70.6974],"t":[30.1955,-36.513,-106.649],"timeVisible":0.327096}],"id":1198843,"interactionBox":{"center":[0,200,0],"size":[221.418,221.418,154.742]},"pointables":[{"direction":[0.0351114,-0.0639795,-0.997333],"handId":20,"id":73,"length":29.133,"stabilizedTipPosition":[57.1233,125.589,-14.701],"timeVisible":0.196258,"tipPosition":[57.1351,125.592,-14.698],"tipVelocity":[616.777,205.128,185.335],"tool":false,"touchDistance":0.333333,"touchZone":"hovering"},{"direction":[-0.103742,0.0313648,-0.99411],"handId":20,"id":22,"length":49.9803,"stabilizedTipPosition":[72.1911,112.926,-7.52862],"timeVisible":0.056074,"tipPosition":[72.1911,112.926,-7.52862],"tipVelocity":[571.167,67.1398,227.68],"tool":false,"touchDistance":0.333333,"touchZone":"hovering"},{"direction":[-0.245754,-0.0701586,-0.96679],"handId":20,"id":85,"length":72.6665,"stabilizedTipPosition":[0.17684,123.176,7.46138],"timeVisible":0.289714,"tipPosition":[11.6485,125.387,6.9235],"tipVelocity":[655.819,168.259,141.086],"tool":false,"touchDistance":0.333333,"touchZone":"hovering"},{"direction":[0.0138874,-0.00432496,-0.999894],"handId":20,"id":44,"length":58.9845,"stabilizedTipPosition":[98.6326,86.3041,18.9072],"timeVisible":0.317751,"tipPosition":[98.6326,86.3041,18.9072],"tipVelocity":[379.11,22.4066,192.694],"tool":false,"touchDistance":0.333333,"touchZone":"hovering"},{"direction":[-0.6329,0.468576,-0.61634],"handId":20,"id":80,"length":38.4671,"stabilizedTipPosition":[-30.0722,99.4927,74.6365],"timeVisible":0.112147,"tipPosition":[-25.8258,101.198,73.8641],"tipVelocity":[577.156,191.941,-55.3453],"tool":false,"touchDistance":0.333333,"touchZone":"hovering"}],"r":[[-0.0874945,0.496273,0.863746],[0.395875,0.812987,-0.427008],[-0.914127,0.304575,-0.267594]],"s":-175.593,"t":[2561.86,-24137.2,13409.7],"timestamp":17578488229}
{"currentFrameRate":107.006,"gestures":[],"hands":[{"direction":[-0.232909,0.498049,-0.835284],"id":20,"palmNormal":[-0.191779,-0.865562,-0.462627],"palmPosition":[50.2708,101.573,72.3885],"palmVelocity":[488.381,124.299,139.893],"r":[[0.709415,0.655435,-0.259104],[-0.623679,0.755036,0.202352],[0.328261,0.0180463,0.944414]],"s":0.990387,"sphereCenter":[21.6064,49.7673,37.1331],"sphereRadius":85.7387,"stabilizedPalmPosition":[48.2565,101.091,71.8888],"t":[35.8816,-35.0111,-104.598],"timeVisible":0.336441}],"id":1198845,"interactionBox":{"center":[0,200,0],"size":[221.418,221.418,154.742]},"pointables":[{"direction":[0.0308063,-0.0689212,-0.997146],"handId":20,"id":73,"length":32.1051,"stabilizedTipPosition":[63.087,127.627,-12.8148],"timeVisible":0.205603,"tipPosition":[63.0976,127.631,-12.8114],"tipVelocity":[624.082,234.264,231.983],"tool":false,"touchDistance":0.333333,"touchZone":"hovering"},{"direction":[-0.109913,0.0167342,-0.9938],"handId":20,"id":22,"length":48.5869,"stabilizedTipPosition":[77.692,113.81,-5.3333],"timeVisible":0.065419,"tipPosition":[77.692,113.81,-5.3333],"tipVelocity":[579.198,106.797,271.845],"tool":false,"touchDistance":0.333333,"touchZone":"hovering"},{"direction":[-0.234069,-0.0713123,-0.969601],"handId":20,"id":85,"length":73.0298,"stabilizedTipPosition":[8.60813,125.069,7.93484],"timeVisible":0.299059,"tipPosition":[17.9254,127.161,8.45805],"tipVelocity":[670.457,192.588,203.757],"tool":false,"touchDistance":0.333333,"touchZone":"hovering"},{"direction":[0.00360427,-0.0200928,-0.999792],"handId":20,"id":44,"length":58.5861,"stabilizedTipPosition":[102.246,86.8064,21.0168],"timeVisible":0.327096,"tipPosition":[102.246,86.8064,21.0168],"tipVelocity":[386.606,65.3615,239.62],"tool":false,"touchDistance":0.333333,"touchZone":"hovering"},{"direction":[-0.627327,0.473411,-0.618339],"handId":20,"id":80,"length":38.5248,"stabilizedTipPosition":[-24.9923,101.364,74.0171],"timeVisible":0.121492,"tipPosition":[-20.7123,102.941,73.4953],"tipVelocity":[592.598,181.286,-13.9432],"tool":false,"touchDistance":0.333333,"touchZone":"hovering"}],"r":[[-0.0702783,0.503532,0.861113],[0.394568,0.806879,-0.439617],[-0.916175,0.308873,-0.255384]],"s":-175.605,"t":[2567.55,-24135.7,13411.7],"timestamp":17578497574}
{"currentFrameRate":107.002,"gestures":[],"hands":[{"direction":[-0.220368,0.500558,-0.837185],"id":20,"palmNormal":[-0.187985,-0.863989,-0.467102],"palmPosition":[55.0399,102.9,73.9469],"palmVelocity":[510.273,141.972,166.746],"r":[[0.697224,0.665003,-0.267674],[-0.631995,0.746456,0.208292],[0.338322,0.0239427,0.940726]],"s":0.975938,"sphereCenter":[25.5546,53.161,38.2316],"sphereRadius":83.6438,"stabilizedPalmPosition":[53.2282,102.417,73.3973],"t":[41.7134,-33.2997,-102.174],"timeVisible":0.345787}],"id":1198847,"interactionBox":{"center":[0,200,0],"size":[221.418,221.418,154.742]},"pointables":[{"direction":[0.0278505,-0.0714897,-0.997052],"handId":20,"id":73,"length":35.0735,"stabilizedTipPosition":[69.0764,129.898,-10.5724],"timeVisible":0.214949,"tipPosition":[69.0859,129.902,-10.5689],"tipVelocity":[631.088,258.966,270.679],"tool":false,"touchDistance":0.333333,"touchZone":"hovering"},{"direction":[-0.115884,0.00299809,-0.993258],"handId":20,"id":22,"length":47.5276,"stabilizedTipPosition":[83.1826,114.96,-2.80575],"timeVisible":0.074765,"tipPosition":[83.1826,114.96,-2.80575],"tipVelocity":[579.162,135.842,311.717],"tool":false,"touchDistance":0.333333,"touchZone":"hovering"},{"direction":[-0.223165,-0.0715691,-0.97215],"handId":20,"id":85,"length":73.3708,"stabilizedTipPosition":[16.795,127.117,9.17738],"timeVisible":0.308405,"tipPosition":[24.3542,129.009,10.3247],"tipVelocity":[681.278,198.234,231.492],"tool":false,"touchDistance":0.333333,"touchZone":"hovering"},{"direction":[-0.00842325,-0.0340994,-0.999383],"handId":20,"id":44,"length":58.2759,"stabilizedTipPosition":[105.974,87.6608,23.5378],"timeVisible":0.336442,"tipPosition":[105.974,87.6608,23.5378],"tipVelocity":[400.03,104.235,285.887],"tool":false,"touchDistance":0.333333,"touchZone":"hovering"},{"direction":[-0.618625,0.480232,-0.621836],"handId":20,"id":80,"length":38.1081,"stabilizedTipPosition":[-19.3741,103.431,73.6667],"timeVisible":0.130838,"tipPosition":[-15.0712,105.013,73.3984],"tipVelocity":[666.388,251.134,19.5247],"tool":false,"touchDistance":0.333333,"touchZone":"hovering"}],"r":[[-0.0541588,0.510322,0.858277],[0.392969,0.80107,-0.45151],[-0.917956,0.312823,-0.243926]],"s":-175.62,"t":[2573.38,-24134,13414.2],"timestamp":17578506920}
{"currentFrameRate":107,"gestures":[],"hands":[{"direction":[-0.206491,0.504615,-0.838287],"id":20,"palmNormal":[-0.1859,-0.861379,-0.472723],"palmPosition":[59.7162,104.333,75.6501],"palmVelocity":[500.356,153.281,182.238],"r":[[0.686023,0.672919,-0.27668],[-0.639188,0.739067,0.212645],[0.347578,0.0309713,0.937139]],"s":0.960229,"sphereCenter":[29.8936,56.8148,39.7387],"sphereRadius":81.5432,"stabilizedPalmPosition":[58.1482,103.87,75.1057],"t":[47.5861,-31.5701,-99.3064],"timeVisible":0.355133}],"id":1198849,"interactionBox":{"center":[0,200,0],"size":[221.418,221.418,154.742]},"pointables":[{"direction":[0.0242388,-0.0746762,-0.996913],"handId":20,"id":73,"length":38.201,"stabilizedTipPosition":[75.0327,132.306,-7.85975],"timeVisible":0.224295,"tipPosition":[75.0411,132.31,-7.85592],"tipVelocity":[631.803,271.356,329.487],"tool":false,"touchDistance":0.333333,"touchZone":"hovering"},{"direction":[-0.122099,-0.0109544,-0.992458],"handId":20,"id":22,"length":46.5783,"stabilizedTipPosition":[88.6379,116.341,0.0194884],"timeVisible":0.084111,"tipPosition":[88.6379,116.341,0.0194884],"tipVelocity":[581.345,161.276,344.911],"tool":false,"touchDistance":0.333333,"touchZone":"hovering"},{"direction":[-0.211986,-0.0758249,-0.974327],"handId":20,"id":85,"length":73.6565,"stabilizedTipPosition":[24.697,129.28,11.1421],"timeVisible":0.317751,"tipPosition":[30.9292,130.986,12.6916],"tipVelocity":[696.022,212.189,292.95],"tool":false,"touchDistance":0.333333,"touchZone":"hovering"},{"direction":[-0.0231227,-0.0481106,-0.998574],"handId":20,"id":44,"length":57.9209,"stabilizedTipPosition":[109.89,88.8446,26.4063],"timeVisible":0.345788,"tipPosition":[109.89,88.8446,26.4063],"tipVelocity":[422.91,141.413,325.588],"tool":false,"touchDistance":0.333333,"touchZone":"hovering"},{"direction":[-0.610719,0.495395,-0.617743],"handId":20,"id":80,"length":37.7639,"stabilizedTipPosition":[-13.3581,105.526,73.5286],"timeVisible":0.140184,"tipPosition":[-9.26961,106.949,73.4347],"tipVelocity":[683.004,217.042,28.9097],"tool":false,"touchDistance":0.333333,"touchZone":"hovering"}],"r":[[-0.0386811,0.515361,0.8561],[0.392194,0.795824,-0.461355],[-0.919069,0.317911,-0.232905]],"s":-175.635,"t":[2579.25,-24132.3,13417],"timestamp":17578516266}
{"currentFrameRate":107.003,"gestures":[],"hands":[{"direction":[-0.196947,0.503124,-0.841474],"id":20,"palmNormal":[-0.175191,-0.86253,-0.474711],"palmPosition":[64.7941,106.027,77.8385],"palmVelocity":[543.384,181.365,234.178],"r":[[0.675158,0.679829,-0.286344],[-0.645795,0.732327,0.215976],[0.356525,0.0391014,0.933467]],"s":0.943842,"sphereCenter":[34.5953,60.5992,41.6512],"sphereRadius":79.4909,"stabilizedPalmPosition":[63.3334,105.553,77.2379],"t":[53.598,-29.5052,-96.1903],"timeVisible":0.364478}],"id":1198851,"interactionBox":{"center":[0,200,0],"size":[221.418,221.418,154.742]},"pointables":[{"direction":[0.0206766,-0.0770164,-0.996815],"handId":20,"id":73,"length":41.3663,"stabilizedTipPosition":[81.0617,134.934,-4.72618],"timeVisible":0.23364,"tipPosition":[81.0692,134.937,-4.72225],"tipVelocity":[642.96,297.54,376.263],"tool":false,"touchDistance":0.333333,"touchZone":"hovering"},{"direction":[-0.128318,-0.0241486,-0.991439],"handId":20,"id":22,"length":45.5781,"stabilizedTipPosition":[94.1593,117.996,3.0518],"timeVisible":0.093456,"tipPosition":[94.1593,117.996,3.0518],"tipVelocity":[594.076,192.77,356.771],"tool":false,"touchDistance":0.333333,"touchZone":"hovering"},{"direction":[-0.201108,-0.0768723,-0.976548],"handId":20,"id":85,"length":73.8924,"stabilizedTipPosition":[32.3298,131.558,13.6881],"timeVisible":0.327096,"tipPosition":[37.6087,133.133,15.4489],"tipVelocity":[709.427,232.325,333.656],"tool":false,"touchDistance":0.333333,"touchZone":"hovering"},{"direction":[-0.0398439,-0.0617809,-0.997294],"handId":20,"id":44,"length":57.6439,"stabilizedTipPosition":[113.981,90.3046,29.4949],"timeVisible":0.355133,"tipPosition":[113.981,90.3046,29.4949],"tipVelocity":[444.383,172.391,348.994],"tool":false,"touchDistance":0.333333,"touchZone":"hovering"},{"direction":[-0.601326,0.521149,-0.605649],"handId":20,"id":80,"length":37.4719,"stabilizedTipPosition":[-7.14775,107.678,73.5502],"timeVisible":0.149529,"tipPosition":[-3.46569,108.954,73.5631],"tipVelocity":[683.652,233.589,33.9053],"tool":false,"touchDistance":0.333333,"touchZone":"hovering"}],"r":[[-0.0231365,0.519224,0.854325],[0.392001,0.790833,-0.47002],[-0.919674,0.324022,-0.221833]],"s":-175.652,"t":[2585.27,-24130.2,13420.1],"timestamp":17578525611}
{"currentFrameRate":107.006,"gestures":[],"hands":[{"direction":[-0.18515,0.505305,-0.842844],"id":20,"palmNormal":[-0.171021,-0.861154,-0.478713],"palmPosition":[71.8378,108.458,81.3743],"palmVelocity":[376.852,130.05,189.169],"r":[[0.662523,0.686971,-0.298554],[-0.652849,0.724997,0.21947],[0.36722,0.0495072,0.928816]],"s":0.920773,"sphereCenter":[40.5413,64.9916,44.6721],"sphereRadius":77.4238,"stabilizedPalmPosition":[71.4921,108.34,81.2061],"t":[63.1223,-26.0041,-90.6244],"timeVisible":0.383169}],"id":1198855,"interactionBox":{"center":[0,200,0],"size":[221.418,221.418,154.742]},"pointables":[{"direction":[0.0185188,-0.071529,-0.997267],"handId":20,"id":73,"length":45.1685,"stabilizedTipPosition":[89.8156,139.023,0.254625],"timeVisible":0.252331,"tipPosition":[89.8156,139.023,0.254631],"tipVelocity":[665.632,324.794,407.511],"tool":false,"touchDistance":0.333333,"touchZone":"hovering"},{"direction":[-0.131984,-0.0368509,-0.990567],"handId":20,"id":22,"length":45.2608,"stabilizedTipPosition":[101.98,120.505,8.22275],"timeVisible":0.112147,"tipPosition":[101.98,120.505,8.22275],"tipVelocity":[602.399,200.439,437.313],"tool":false,"touchDistance":0.333333,"touchZone":"hovering"},{"direction":[-0.189634,-0.0818987,-0.978433],"handId":20,"id":85,"length":73.9808,"stabilizedTipPosition":[44.8987,135.622,19.1584],"timeVisible":0.345787,"tipPosition":[47.0817,136.328,20.1085],"tipVelocity":[724.04,246.606,384.328],"tool":false,"touchDistance":0.333333,"touchZone":"hovering"},{"direction":[-0.057824,-0.0732304,-0.995637],"handId":20,"id":44,"length":57.319,"stabilizedTipPosition":[120.283,92.8128,34.8354],"timeVisible":0.373824,"tipPosition":[120.283,92.8128,34.8354],"tipVelocity":[477.827,198.053,413.435],"tool":false,"touchDistance":0.333333,"touchZone":"hovering"},{"direction":[-0.58231,0.542206,-0.605745],"handId":20,"id":80,"length":36.4934,"stabilizedTipPosition":[3.4158,111.458,74.1258],"timeVisible":0.16822,"tipPosition":[4.7812,111.947,74.2002],"tipVelocity":[735.795,262.233,62.5242],"tool":false,"touchDistance":0.333333,"touchZone":"hovering"}],"r":[[-0.00452876,0.522569,0.852585],[0.391817,0.785349,-0.479277],[-0.920032,0.331886,-0.208308]],"s":-175.675,"t":[2594.79,-24126.7,13425.7],"timestamp":17578544302}
{"currentFrameRate":107.002,"gestures":[],"hands":[{"direction":[-0.181361,0.498327,-0.847808],"id":20,"palmNormal":[-0.152545,-0.865925,-0.476344],"palmPosition":[78.7487,110.81,85.258],"palmVelocity":[739.443,251.662,415.549],"r":[[0.649796,0.693395,-0.311399],[-0.659527,0.717989,0.22252],[0.377875,0.0607835,0.923859]],"s":0.898631,"sphereCenter":[46.7995,69.614,47.9519],"sphereRadius":75.2974,"stabilizedPalmPosition":[77.3887,110.347,84.4986],"t":[71.3482,-22.9472,-85.5577],"timeVisible":0.392515}],"id":1198857,"interactionBox":{"center":[0,200,0],"size":[221.418,221.418,154.742]},"pointables":[{"direction":[0.017193,-0.0657718,-0.997687],"handId":20,"id":73,"length":48.8696,"stabilizedTipPosition":[98.0356,142.783,5.14185],"timeVisible":0.261677,"tipPosition":[98.0437,142.787,5.14668],"tipVelocity":[699.989,338.071,474.408],"tool":false,"touchDistance":0.333333,"touchZone":"hovering"},{"direction":[-0.135724,-0.0488438,-0.989542],"handId":20,"id":22,"length":44.7398,"stabilizedTipPosition":[109.121,122.725,13.3755],"timeVisible":0.121493,"tipPosition":[109.121,122.725,13.3755],"tipVelocity":[623.298,198.076,541.259],"tool":false,"touchDistance":0.333333,"touchZone":"hovering"},{"direction":[-0.178422,-0.0848037,-0.980293],"handId":20,"id":85,"length":73.9928,"stabilizedTipPosition":[51.7478,137.915,22.5705],"timeVisible":0.355133,"tipPosition":[55.7495,139.256,24.5641],"tipVelocity":[746.044,262.559,436.12],"tool":false,"touchDistance":0.333333,"touchZone":"hovering"},{"direction":[-0.0761249,-0.0845674,-0.993506],"handId":20,"id":44,"length":57.0479,"stabilizedTipPosition":[126.202,95.1356,39.8617],"timeVisible":0.38317,"tipPosition":[126.202,95.1356,39.8617],"tipVelocity":[518.58,211.388,458.047],"tool":false,"touchDistance":0.333333,"touchZone":"hovering"},{"direction":[-0.558946,0.570641,-0.601621],"handId":20,"id":80,"length":35.7825,"stabilizedTipPosition":[10.0747,113.864,74.6944],"timeVisible":0.177566,"tipPosition":[12.9957,114.92,74.9438],"tipVelocity":[765.175,279.185,82.7246],"tool":false,"touchDistance":0.333333,"touchZone":"hovering"}],"r":[[0.0144492,0.525036,0.850958],[0.39182,0.78001,-0.487915],[-0.919928,0.340472,-0.194449]],"s":-175.697,"t":[2603.02,-24123.7,13430.8],"timestamp":17578553648}
{"currentFrameRate":107,"gestures":[],"hands":[{"direction":[-0.167335,0.500826,-0.849219],"id":20,"palmNormal":[-0.155571,-0.863986,-0.47888],"palmPosition":[84.4028,112.587,88.9789],"palmVelocity":[604.973,190.068,398.132],"r":[[0.638331,0.697828,-0.324913],[-0.664409,0.712626,0.225222],[0.388708,0.0721085,0.918535]],"s":0.879958,"sphereCenter":[52.9358,74.981,51.321],"sphereRadius":72.7726,"stabilizedPalmPosition":[83.1588,112.19,88.1844],"t":[77.4702,-20.6879,-81.4506],"timeVisible":0.401861}],"id":1198859,"interactionBox":{"center":[0,200,0],"size":[221.418,221.418,154.742]},"pointables":[{"direction":[0.0168879,-0.062082,-0.997928],"handId":20,"id":73,"length":52.4363,"stabilizedTipPosition":[104.592,145.673,9.53879],"timeVisible":0.271023,"tipPosition":[104.598,145.675,9.54265],"tipVelocity":[532.718,217.795,412.786],"tool":false,"touchDistance":0.333333,"touchZone":"hovering"},{"direction":[-0.138492,-0.0618722,-0.988429],"handId":20,"id":22,"length":44.1469,"stabilizedTipPosition":[114.937,124.448,17.7144],"timeVisible":0.130839,"tipPosition":[114.937,124.448,17.7144],"tipVelocity":[513.822,143.571,374.126],"tool":false,"touchDistance":0.333333,"touchZone":"hovering"},{"direction":[-0.16842,-0.0935271,-0.981268],"handId":20,"id":85,"length":73.887,"stabilizedTipPosition":[58.5374,140.075,26.3147],"timeVisible":0.364479,"tipPosition":[62.3836,141.299,28.4358],"tipVelocity":[536.917,160.359,366.009],"tool":false,"touchDistance":0.333333,"touchZone":"hovering"},{"direction":[-0.0874012,-0.0966444,-0.991474],"handId":20,"id":44,"length":56.71,"stabilizedTipPosition":[131.481,97.1383,44.6357],"timeVisible":0.392516,"tipPosition":[131.481,97.1383,44.6357],"tipVelocity":[492.432,183.085,466.589],"tool":false,"touchDistance":0.333333,"touchZone":"hovering"},{"direction":[-0.532739,0.55922,-0.635187],"handId":20,"id":80,"length":34.5059,"stabilizedTipPosition":[17.7792,116.58,75.3536],"timeVisible":0.186912,"tipPosition":[20.6789,117.602,75.6017],"tipVelocity":[620.794,226.869,61.1298],"tool":false,"touchDistance":0.333333,"touchZone":"hovering"}],"r":[[0.0327161,0.525347,0.850259],[0.391403,0.776033,-0.494546],[-0.919637,0.348974,-0.180234]],"s":-175.716,"t":[2609.14,-24121.4,13434.9],"timestamp":17578562994}
{"currentFrameRate":107.003,"gestures":[],"hands":[{"direction":[-0.154393,0.503668,-0.849989],"id":20,"palmNormal":[-0.149373,-0.862315,-0.48384],"palmPosition":[91.6529,115.233,92.938],"palmVelocity":[775.832,283.181,423.657],"r":[[0.624084,0.704258,-0.338437],[-0.670939,0.704999,0.229819],[0.40045,0.083644,0.912493]],"s":0.859703,"sphereCenter":[59.6937,79.4247,55.4865],"sphereRadius":71.1158,"stabilizedPalmPosition":[90.2068,114.715,92.1287],"t":[85.957,-17.5068,-76.3482],"timeVisible":0.411206}],"id":1198861,"interactionBox":{"center":[0,200,0],"size":[221.418,221.418,154.742]},"pointables":[{"direction":[0.0182233,-0.0576503,-0.998171],"handId":20,"id":73,"length":55.7488,"stabilizedTipPosition":[112.83,149.173,14.6013],"timeVisible":0.280368,"tipPosition":[112.837,149.176,14.6052],"tipVelocity":[1045.12,396.537,575.949],"tool":false,"touchDistance":0.333333,"touchZone":"hovering"},{"direction":[-0.143135,-0.0737037,-0.986955],"handId":20,"id":22,"length":43.6237,"stabilizedTipPosition":[121.908,126.49,22.7278],"timeVisible":0.140184,"tipPosition":[121.908,126.49,22.7278],"tipVelocity":[837.598,222.42,602.859],"tool":false,"touchDistance":0.333333,"touchZone":"hovering"},{"direction":[-0.157805,-0.101617,-0.982228],"handId":20,"id":85,"length":73.5431,"stabilizedTipPosition":[66.2563,142.652,30.5082],"timeVisible":0.373824,"tipPosition":[70.5805,144.095,32.8573],"tipVelocity":[1042.15,329.488,507.075],"tool":false,"touchDistance":0.333333,"touchZone":"hovering"},{"direction":[-0.103208,-0.109738,-0.988588],"handId":20,"id":44,"length":56.4441,"stabilizedTipPosition":[137.654,99.3438,50.0795],"timeVisible":0.401861,"tipPosition":[137.654,99.3438,50.0795],"tipVelocity":[682.57,233.873,609.242],"tool":false,"touchDistance":0.333333,"touchZone":"hovering"},{"direction":[-0.592591,0.507015,-0.625916],"handId":20,"id":80,"length":35.3813,"stabilizedTipPosition":[27.1297,120.128,76.4868],"timeVisible":0.196257,"tipPosition":[30.1669,121.28,76.8549],"tipVelocity":[1074.78,429.371,170.698],"tool":false,"touchDistance":0.333333,"touchZone":"hovering"}],"r":[[0.0531296,0.527659,0.847793],[0.389993,0.770605,-0.504057],[-0.919284,0.357414,-0.164841]],"s":-175.736,"t":[2617.63,-24118.2,13440],"timestamp":17578572339}
