[{"currentFrameRate":57.4999,"gestures":[],"hands":[{"direction":[0.462884,0.602901,-0.649807],"id":25,"palmNormal":[0.0303435,-0.743417,-0.668139],"palmPosition":[4.45153,158.436,164.622],"palmVelocity":[-175.46,-73.6216,-231.451],"r":[[1,0,0],[0,1,0],[0,0,1]],"s":1,"sphereCenter":[24.6601,97.7645,106.2],"sphereRadius":108.121,"stabilizedPalmPosition":[5.00407,158.666,165.335],"t":[0,0,0],"timeVisible":0.330433}],"id":1015055,"interactionBox":{"center":[0,200,0],"size":[221.418,221.418,154.742]},"pointables":[{"direction":[0.206262,0.446229,-0.870825],"handId":25,"id":98,"length":57.5429,"stabilizedTipPosition":[26.507,211.279,110.29],"timeVisible":0.278259,"tipPosition":[17.5461,217.101,88.515],"tipVelocity":[-127.902,74.1456,-344.964],"tool":false,"touchDistance":0.333333,"touchZone":"hovering"},{"direction":[0.131944,0.478765,-0.867972],"handId":25,"id":50,"length":57.5264,"stabilizedTipPosition":[51.6485,204.817,127.828],"timeVisible":0.382607,"tipPosition":[39.916,210.856,98.7456],"tipVelocity":[-117.947,57.0997,-345.451],"tool":false,"touchDistance":0.479094,"touchZone":"hovering"},{"direction":[-0.0996354,0.415987,-0.903896],"handId":25,"id":70,"length":76.1369,"stabilizedTipPosition":[-36.8924,196.919,104.814],"timeVisible":0.13913,"tipPosition":[-36.8924,196.919,104.814],"tipVelocity":[-136.722,92.4632,-330.317],"tool":false,"touchDistance":0.580234,"touchZone":"hovering"},{"direction":[0.315195,0.507652,-0.801837],"handId":25,"id":15,"length":59.7529,"stabilizedTipPosition":[91.5308,174.652,161.637],"timeVisible":0.226086,"tipPosition":[72.7158,184.058,125.679],"tipVelocity":[-127.202,65.3346,-335.346],"tool":false,"touchDistance":0.927987,"touchZone":"hovering"}],"r":[[0.239226,-0.904971,0.35185],[-0.955709,-0.15548,0.249894],[-0.171441,-0.396048,-0.902083]],"s":-90.2488,"t":[17583.9,-26669.1,12138.3],"timestamp":16812446458},

{"currentFrameRate":57.5002,"gestures":[],"hands":[{"direction":[0.440115,0.618231,-0.651222],"id":25,"palmNormal":[0.0304734,-0.735104,-0.677269],"palmPosition":[1.92724,157.572,160.08],"palmVelocity":[-145.149,-49.6892,-261.135],"r":[[0.999999,-0.000621422,0.00129075],[0.000621312,1,0.0000855605],[-0.0012908,-0.0000847585,0.999999]],"s":1.00165,"sphereCenter":[21.4636,97.2211,99.5461],"sphereRadius":110.118,"stabilizedPalmPosition":[2.60186,157.812,161.232],"t":[-0.855429,0.634603,-2.81757],"timeVisible":0}],"id":1015057,"interactionBox":{"center":[0,200,0],"size":[221.418,221.418,154.742]},"pointables":[{"direction":[0.201767,0.444342,-0.87284],"handId":25,"id":98,"length":58.1802,"stabilizedTipPosition":[25.8321,211.737,108.551],"timeVisible":0.29565,"tipPosition":[15.8753,218.501,82.9045],"tipVelocity":[-113.42,87.245,-332.689],"tool":false,"touchDistance":0.333333,"touchZone":"hovering"},{"direction":[0.125222,0.477327,-0.869758],"handId":25,"id":50,"length":58.5415,"stabilizedTipPosition":[51.2256,205.036,126.73],"timeVisible":0.399998,"tipPosition":[38.2088,211.778,92.9652],"tipVelocity":[-105.867,64.1364,-339.742],"tool":false,"touchDistance":0.382753,"touchZone":"hovering"},{"direction":[-0.101673,0.416824,-0.903283],"handId":25,"id":70,"length":76.0671,"stabilizedTipPosition":[-39.4552,198.547,98.134],"timeVisible":0.156521,"tipPosition":[-39.4552,198.547,98.134],"tipVelocity":[-121.96,84.8217,-327.865],"tool":false,"touchDistance":0.4689,"touchZone":"hovering"},{"direction":[0.312657,0.505264,-0.804334],"handId":25,"id":15,"length":59.9672,"stabilizedTipPosition":[90.5634,175.147,159.681],"timeVisible":0.243477,"tipPosition":[70.7555,185.276,119.631],"tipVelocity":[-112.842,58.699,-335.066],"tool":false,"touchDistance":0.827176,"touchZone":"hovering"},{"direction":[-0.701076,0.555523,-0.447086],"handId":25,"id":74,"length":50.7896,"stabilizedTipPosition":[1.4714e-303,9.96277e-311,8.48799e-314],"timeVisible":0,"tipPosition":[-84.9175,136.169,160.401],"tipVelocity":[-108.581,29.7092,-274.576],"tool":false,"touchDistance":0.0166667,"touchZone":"none"}],"r":[[0.237252,-0.907085,0.347718],[-0.956058,-0.154561,0.249127],[-0.172236,-0.391545,-0.903896]],"s":-90.2462,"t":[17581.9,-26667.9,12132.6],"timestamp":16812463849},

{"currentFrameRate":57.5009,"gestures":[],"hands":[{"direction":[0.386709,0.643579,-0.660502],"id":25,"palmNormal":[0.0383215,-0.726818,-0.68576],"palmPosition":[-0.0570843,156.808,155.728],"palmVelocity":[-114.101,-43.9347,-250.247],"r":[[0.999998,0.000406867,0.00216261],[-0.000408506,1,0.000757574],[-0.0021623,-0.000758456,0.999997]],"s":1.00248,"sphereCenter":[18.554,97.665,93.7302],"sphereRadius":110.925,"stabilizedPalmPosition":[0.719388,157.101,157.336],"t":[-2.07772,1.25168,-7.03874],"timeVisible":0.017391}],"id":1015059,"interactionBox":{"center":[0,200,0],"size":[221.418,221.418,154.742]},"pointables":[{"direction":[0.197634,0.440792,-0.875581],"handId":25,"id":98,"length":59.5847,"stabilizedTipPosition":[25.3842,212.04,107.329],"timeVisible":0.313041,"tipPosition":[14.3807,219.485,77.3022],"tipVelocity":[-101.161,64.7543,-331.014],"tool":false,"touchDistance":0.333333,"touchZone":"hovering"},{"direction":[0.118998,0.475293,-0.871743],"handId":25,"id":50,"length":59.1837,"stabilizedTipPosition":[50.9587,205.167,126.012],"timeVisible":0.417389,"tipPosition":[36.5659,212.256,87.2475],"tipVelocity":[-102.346,38.4508,-336.224],"tool":false,"touchDistance":0.287458,"touchZone":"hovering"},{"direction":[-0.10354,0.416731,-0.903114],"handId":25,"id":70,"length":76.0623,"stabilizedTipPosition":[-41.693,199.959,91.7216],"timeVisible":0.173912,"tipPosition":[-41.693,199.959,91.7216],"tipVelocity":[-106.325,72.6213,-316.404],"tool":false,"touchDistance":0.362027,"touchZone":"hovering"},{"direction":[0.309845,0.502488,-0.807156],"handId":25,"id":15,"length":60.225,"stabilizedTipPosition":[89.9558,175.459,158.384],"timeVisible":0.260868,"tipPosition":[69.2051,186.115,114.087],"tipVelocity":[-99.2806,43.0498,-320.85],"tool":false,"touchDistance":0.73479,"touchZone":"hovering"},{"direction":[-0.702202,0.55241,-0.449172],"handId":25,"id":74,"length":50.1197,"stabilizedTipPosition":[-86.0228,136.959,157.443],"timeVisible":0.017391,"tipPosition":[-86.0228,136.959,157.443],"tipVelocity":[-113.679,60.2943,-293.667],"tool":false,"touchDistance":1,"touchZone":"none"}],"r":[[0.234241,-0.90893,0.34493],[-0.956799,-0.152677,0.24744],[-0.172242,-0.38799,-0.905426]],"s":-90.2448,"t":[17580.1,-26667,12126.9],"timestamp":16812481240},

{"currentFrameRate":57.5013,"gestures":[],"hands":[{"direction":[0.340243,0.661168,-0.668649],"id":25,"palmNormal":[0.0389545,-0.720373,-0.692492],"palmPosition":[-1.62877,155.894,151.807],"palmVelocity":[-90.3734,-52.5987,-225.469],"r":[[0.999993,0.00181644,0.00331119],[-0.00182171,0.999997,0.0015881],[-0.0033083,-0.00159412,0.999993]],"s":1.0038,"sphereCenter":[15.9732,98.1457,88.2431],"sphereRadius":111.467,"stabilizedPalmPosition":[-0.780983,156.33,153.803],"t":[-3.30343,1.81954,-11.7715],"timeVisible":0.034782}],"id":1015061,"interactionBox":{"center":[0,200,0],"size":[221.418,221.418,154.742]},"pointables":[{"direction":[0.194028,0.437692,-0.87794],"handId":25,"id":98,"length":61.1566,"stabilizedTipPosition":[25.1014,212.23,106.509],"timeVisible":0.330432,"tipPosition":[13.1722,220.22,71.9163],"tipVelocity":[-83.1441,51.3322,-320.215],"tool":false,"touchDistance":0.333333,"touchZone":"hovering"},{"direction":[0.114059,0.473161,-0.873561],"handId":25,"id":50,"length":59.9341,"stabilizedTipPosition":[50.8033,205.24,125.574],"timeVisible":0.43478,"tipPosition":[35.262,212.539,81.8158],"tipVelocity":[-85.1895,27.0634,-322.62],"tool":false,"touchDistance":0.196931,"touchZone":"hovering"},{"direction":[-0.10542,0.415986,-0.90324],"handId":25,"id":70,"length":76.0991,"stabilizedTipPosition":[-43.5424,201.033,85.6241],"timeVisible":0.191303,"tipPosition":[-43.5424,201.033,85.6241],"tipVelocity":[-88.8839,54.8644,-308.342],"tool":false,"touchDistance":0.333333,"touchZone":"hovering"},{"direction":[0.307477,0.499249,-0.810067],"handId":25,"id":15,"length":60.2184,"stabilizedTipPosition":[89.5808,175.648,157.537],"timeVisible":0.278259,"tipPosition":[67.96,186.565,108.691],"tipVelocity":[-86.6188,26.6908,-319.461],"tool":false,"touchDistance":0.644849,"touchZone":"hovering"},{"direction":[-0.704206,0.552718,-0.445643],"handId":25,"id":74,"length":50.0155,"stabilizedTipPosition":[-86.0244,136.96,157.439],"timeVisible":0.034782,"tipPosition":[-87.1301,137.559,154.362],"tipVelocity":[-106.224,50.8193,-283.766],"tool":false,"touchDistance":1,"touchZone":"none"}],"r":[[0.231191,-0.910655,0.34243],[-0.957573,-0.150742,0.245624],[-0.17206,-0.384687,-0.906869]],"s":-90.243,"t":[17578.6,-26666.3,12121.4],"timestamp":16812498631},

{"currentFrameRate":57.4994,"gestures":[],"hands":[{"direction":[0.296362,0.677588,-0.673086],"id":25,"palmNormal":[0.0455331,-0.713969,-0.698696],"palmPosition":[-2.82026,154.774,148.185],"palmVelocity":[-68.5078,-64.3764,-208.286],"r":[[0.999985,0.00354103,0.00427611],[-0.00355159,0.999991,0.00246422],[-0.00426735,-0.00247937,0.999988]],"s":1.0048,"sphereCenter":[13.6788,97.9994,82.6941],"sphereRadius":112.405,"stabilizedPalmPosition":[-1.96423,155.427,150.543],"t":[-4.38043,2.08666,-16.5799],"timeVisible":0.052174}],"id":1015063,"interactionBox":{"center":[0,200,0],"size":[221.418,221.418,154.742]},"pointables":[{"direction":[0.190671,0.433803,-0.880602],"handId":25,"id":98,"length":63.5966,"stabilizedTipPosition":[24.9346,212.334,105.997],"timeVisible":0.347824,"tipPosition":[12.1647,220.363,66.8354],"tipVelocity":[-70.6691,19.2713,-304.947],"tool":false,"touchDistance":0.333333,"touchZone":"hovering"},{"direction":[0.110211,0.47083,-0.875313],"handId":25,"id":50,"length":59.6312,"stabilizedTipPosition":[50.7123,205.281,125.305],"timeVisible":0.452172,"tipPosition":[34.2664,212.602,76.6673],"tipVelocity":[-69.9578,14.9346,-309.241],"tool":false,"touchDistance":0.111121,"touchZone":"hovering"},{"direction":[-0.106538,0.414628,-0.903733],"handId":25,"id":70,"length":76.1939,"stabilizedTipPosition":[-44.993,201.754,79.9688],"timeVisible":0.208695,"tipPosition":[-44.993,201.754,79.9688],"tipVelocity":[-71.7142,37.2043,-296.273],"tool":false,"touchDistance":0.333333,"touchZone":"hovering"},{"direction":[0.305465,0.49553,-0.813106],"handId":25,"id":15,"length":60.2052,"stabilizedTipPosition":[89.3815,175.746,157.06],"timeVisible":0.295651,"tipPosition":[66.9967,186.706,103.504],"tipVelocity":[-72.2917,13.6047,-309.529],"tool":false,"touchDistance":0.558398,"touchZone":"hovering"},{"direction":[-0.706127,0.552278,-0.443141],"handId":25,"id":74,"length":50.0424,"stabilizedTipPosition":[-86.0272,136.962,157.43],"timeVisible":0.052174,"tipPosition":[-88.2629,138.023,150.939],"tipVelocity":[-98.7592,40.1686,-281.802],"tool":false,"touchDistance":1,"touchZone":"none"}],"r":[[0.228171,-0.912129,0.340528],[-0.95836,-0.148726,0.243775],[-0.171709,-0.381971,-0.908083]],"s":-90.2417,"t":[17577.4,-26665.9,12116.2],"timestamp":16812516023},

{"currentFrameRate":57.4999,"gestures":[],"hands":[{"direction":[0.261015,0.687675,-0.677476],"id":25,"palmNormal":[0.0454098,-0.709774,-0.702964],"palmPosition":[-3.68697,154.038,144.118],"palmVelocity":[-49.8368,-42.3326,-233.86],"r":[[0.999972,0.00431247,0.00604084],[-0.00432956,0.999987,0.00281964],[-0.0060286,-0.00284571,0.999978]],"s":1.00603,"sphereCenter":[11.6568,98.1257,77.5469],"sphereRadius":112.882,"stabilizedPalmPosition":[-2.86779,154.698,147.173],"t":[-5.25863,2.14007,-21.5178],"timeVisible":0.069565}],"id":1015065,"interactionBox":{"center":[0,200,0],"size":[221.418,221.418,154.742]},"pointables":[{"direction":[0.187899,0.42969,-0.883211],"handId":25,"id":98,"length":66.2345,"stabilizedTipPosition":[24.8383,212.392,105.683],"timeVisible":0.365215,"tipPosition":[11.3973,220.402,61.8256],"tipVelocity":[-55.8547,13.6227,-299.711],"tool":false,"touchDistance":0.249836,"touchZone":"hovering"},{"direction":[0.107063,0.467953,-0.877244],"handId":25,"id":50,"length":59.0637,"stabilizedTipPosition":[50.6551,205.305,125.125],"timeVisible":0.469563,"tipPosition":[33.5417,212.501,71.3799],"tipVelocity":[-55.8813,5.56014,-313.149],"tool":false,"touchDistance":0.0229976,"touchZone":"hovering"},{"direction":[-0.107206,0.412198,-0.904765],"handId":25,"id":70,"length":76.2042,"stabilizedTipPosition":[-46.1196,202.266,74.5962],"timeVisible":0.226086,"tipPosition":[-46.1198,202.266,74.5951],"tipVelocity":[-58.7991,27.6785,-290.149],"tool":false,"touchDistance":0.333333,"touchZone":"hovering"},{"direction":[0.303172,0.49159,-0.816349],"handId":25,"id":15,"length":61.3835,"stabilizedTipPosition":[89.2661,175.799,156.768],"timeVisible":0.313042,"tipPosition":[66.2028,186.401,98.339],"tipVelocity":[-62.9588,-7.5805,-307.993],"tool":false,"touchDistance":0.472317,"touchZone":"hovering"},{"direction":[-0.705661,0.545821,-0.451798],"handId":25,"id":74,"length":50.0228,"stabilizedTipPosition":[-86.0296,136.962,157.422],"timeVisible":0.069565,"tipPosition":[-89.0315,137.992,147.188],"tipVelocity":[-68.2067,7.02544,-276.76],"tool":false,"touchDistance":1,"touchZone":"none"}],"r":[[0.226164,-0.913586,0.337951],[-0.958787,-0.14753,0.242821],[-0.17198,-0.37894,-0.9093]],"s":-90.2402,"t":[17576.5,-26665.8,12111.1],"timestamp":16812533414},

{"currentFrameRate":57.5002,"gestures":[],"hands":[{"direction":[0.227894,0.695509,-0.681418],"id":25,"palmNormal":[0.0454355,-0.706668,-0.706085],"palmPosition":[-4.43662,153.057,140.258],"palmVelocity":[-43.1057,-56.3876,-221.94],"r":[[0.999958,0.00541934,0.00734717],[-0.00544537,0.999979,0.003527],[-0.0073279,-0.00356686,0.999967]],"s":1.00686,"sphereCenter":[9.80909,98.1769,72.6985],"sphereRadius":113.171,"stabilizedPalmPosition":[-3.63224,153.899,143.804],"t":[-6.01004,1.99718,-26.333],"timeVisible":0.086956}],"id":1015067,"interactionBox":{"center":[0,200,0],"size":[221.418,221.418,154.742]},"pointables":[{"direction":[0.185452,0.42642,-0.88531],"handId":25,"id":98,"length":68.6343,"stabilizedTipPosition":[24.7815,212.423,105.486],"timeVisible":0.382606,"tipPosition":[10.8029,220.104,56.9326],"tipVelocity":[-45.215,-5.13106,-292.363],"tool":false,"touchDistance":0.168287,"touchZone":"hovering"},{"direction":[0.104474,0.4642,-0.879548],"handId":25,"id":50,"length":58.174,"stabilizedTipPosition":[50.6551,205.305,125.125],"timeVisible":0.486954,"tipPosition":[32.885,211.896,66.4065],"tipVelocity":[-50.5363,-20.076,-298.266],"tool":false,"touchDistance":-0.0598911,"touchZone":"hovering"},{"direction":[-0.107704,0.410614,-0.905426],"handId":25,"id":70,"length":76.1788,"stabilizedTipPosition":[-46.9926,202.524,69.2482],"timeVisible":0.243477,"tipPosition":[-46.9962,202.525,69.2259],"tipVelocity":[-49.2089,15.6106,-294.447],"tool":false,"touchDistance":0.333333,"touchZone":"hovering"},{"direction":[0.301126,0.48686,-0.819933],"handId":25,"id":15,"length":62.8257,"stabilizedTipPosition":[89.1985,175.828,156.587],"timeVisible":0.330433,"tipPosition":[65.6253,185.93,93.5833],"tipVelocity":[-50.1935,-12.9582,-286.39],"tool":false,"touchDistance":0.393056,"touchZone":"hovering"},{"direction":[-0.70501,0.539771,-0.460008],"handId":25,"id":74,"length":49.9336,"stabilizedTipPosition":[-86.0316,136.963,157.415],"timeVisible":0.086956,"tipPosition":[-89.7544,137.933,143.216],"tipVelocity":[-58.4672,2.71399,-270.689],"tool":false,"touchDistance":1,"touchZone":"none"}],"r":[[0.224107,-0.914775,0.336101],[-0.95931,-0.146284,0.241507],[-0.171758,-0.376548,-0.910336]],"s":-90.2392,"t":[17575.7,-26665.9,12106.2],"timestamp":16812550805},

{"currentFrameRate":57.5009,"gestures":[],"hands":[{"direction":[0.196739,0.702192,-0.684266],"id":25,"palmNormal":[0.0513454,-0.704327,-0.708016],"palmPosition":[-5.02205,152.023,136.639],"palmVelocity":[-33.6629,-59.4327,-208.078],"r":[[0.999938,0.00798182,0.0077759],[-0.00801767,0.999957,0.00459096],[-0.00773892,-0.00465302,0.999959]],"s":1.00696,"sphereCenter":[8.15866,98.3242,68.2187],"sphereRadius":113.13,"stabilizedPalmPosition":[-4.27923,153.026,140.468],"t":[-6.66182,1.47332,-31.2345],"timeVisible":0.104347}],"id":1015069,"interactionBox":{"center":[0,200,0],"size":[221.418,221.418,154.742]},"pointables":[{"direction":[0.183483,0.419889,-0.888835],"handId":25,"id":98,"length":68.9954,"stabilizedTipPosition":[24.7477,212.439,105.361],"timeVisible":0.399997,"tipPosition":[10.3138,219.318,52.0428],"tipVelocity":[-38.2561,-32.3208,-290.207],"tool":false,"touchDistance":0.0867902,"touchZone":"hovering"},{"direction":[0.101919,0.460373,-0.881856],"handId":25,"id":50,"length":58.0078,"stabilizedTipPosition":[50.6534,205.306,125.119],"timeVisible":0.504345,"tipPosition":[32.3555,211.167,61.4865],"tipVelocity":[-42.783,-26.6753,-293.76],"tool":false,"touchDistance":-0.141891,"touchZone":"hovering"},{"direction":[-0.107887,0.407082,-0.906998],"handId":25,"id":70,"length":76.214,"stabilizedTipPosition":[-47.6772,202.286,64.3818],"timeVisible":0.260868,"tipPosition":[-47.6858,202.283,64.3209],"tipVelocity":[-41.8331,-10.0473,-278.093],"tool":false,"touchDistance":0.333333,"touchZone":"hovering"},{"direction":[0.29898,0.480766,-0.824303],"handId":25,"id":15,"length":62.9958,"stabilizedTipPosition":[89.154,175.845,156.462],"timeVisible":0.347824,"tipPosition":[65.0607,185.078,88.7883],"tipVelocity":[-46.5353,-35.6367,-286.833],"tool":false,"touchDistance":0.333333,"touchZone":"hovering"},{"direction":[-0.704791,0.535371,-0.465453],"handId":25,"id":74,"length":49.8437,"stabilizedTipPosition":[-86.0336,136.963,157.407],"timeVisible":0.104347,"tipPosition":[-90.7875,138.089,138.744],"tipVelocity":[-71.0037,13.6826,-282.058],"tool":false,"touchDistance":1,"touchZone":"none"}],"r":[[0.220962,-0.915727,0.335588],[-0.960184,-0.143946,0.239428],[-0.170944,-0.375131,-0.911074]],"s":-90.239,"t":[17575,-26666.5,12101.2],"timestamp":16812568196},

{"currentFrameRate":57.5013,"gestures":[],"hands":[{"direction":[0.170004,0.706314,-0.687182],"id":25,"palmNormal":[0.0561782,-0.703145,-0.708824],"palmPosition":[-5.52262,151.093,132.787],"palmVelocity":[-28.7832,-53.498,-221.485],"r":[[0.999908,0.0115702,0.00711619],[-0.0116109,0.999916,0.00569489],[-0.00704971,-0.00577699,0.999958]],"s":1.00675,"sphereCenter":[6.65291,97.8449,63.568],"sphereRadius":113.554,"stabilizedPalmPosition":[-4.74396,152.303,137.598],"t":[-7.23065,0.834363,-36.0291],"timeVisible":0.121738}],"id":1015071,"interactionBox":{"center":[0,200,0],"size":[221.418,221.418,154.742]},"pointables":[{"direction":[0.181776,0.41425,-0.891826],"handId":25,"id":98,"length":69.2368,"stabilizedTipPosition":[24.7274,212.447,105.281],"timeVisible":0.417388,"tipPosition":[9.91778,218.454,47.3649],"tipVelocity":[-31.7131,-37.0629,-278.751],"tool":false,"touchDistance":0.00882518,"touchZone":"hovering"},{"direction":[0.10037,0.455978,-0.884313],"handId":25,"id":50,"length":58.0129,"stabilizedTipPosition":[50.639,205.309,125.066],"timeVisible":0.521736,"tipPosition":[32.0202,210.183,56.7116],"tipVelocity":[-31.263,-41.6315,-285.217],"tool":false,"touchDistance":-0.221473,"touchZone":"hovering"},{"direction":[-0.108003,0.403416,-0.90862],"handId":25,"id":70,"length":76.2004,"stabilizedTipPosition":[-48.2205,201.932,59.6187],"timeVisible":0.278259,"tipPosition":[-48.2337,201.924,59.5028],"tipVelocity":[-36.5655,-14.0524,-276.028],"tool":false,"touchDistance":0.333333,"touchZone":"hovering"},{"direction":[0.29745,0.474894,-0.82825],"handId":25,"id":15,"length":62.5496,"stabilizedTipPosition":[89.1245,175.855,156.375],"timeVisible":0.365215,"tipPosition":[64.5925,184.116,84.2418],"tipVelocity":[-38.2767,-43.5899,-273.423],"tool":false,"touchDistance":0.257558,"touchZone":"hovering"},{"direction":[-0.704282,0.530374,-0.471902],"handId":25,"id":74,"length":49.6619,"stabilizedTipPosition":[-86.0356,136.964,157.399],"timeVisible":0.121738,"tipPosition":[-91.9,138.327,133.835],"tipVelocity":[-70.4802,16.9546,-288.977],"tool":false,"touchDistance":1,"touchZone":"none"}],"r":[[0.217146,-0.91632,0.336459],[-0.961255,-0.140768,0.237009],[-0.169813,-0.374889,-0.911385]],"s":-90.2391,"t":[17574.4,-26667.1,12096.4],"timestamp":16812585587},

{"currentFrameRate":57.4994,"gestures":[],"hands":[{"direction":[0.149153,0.708717,-0.689546],"id":25,"palmNormal":[0.0538836,-0.702135,-0.710002],"palmPosition":[-5.89231,150.272,128.933],"palmVelocity":[-21.2565,-47.2,-221.589],"r":[[0.999865,0.0143201,0.0080902],[-0.0143766,0.999872,0.00696652],[-0.00798941,-0.00708189,0.999943]],"s":1.00687,"sphereCenter":[5.25723,97.5877,59.2873],"sphereRadius":113.577,"stabilizedPalmPosition":[-5.09089,151.69,134.98],"t":[-7.66966,-0.0900244,-40.634],"timeVisible":0.13913}],"id":1015073,"interactionBox":{"center":[0,200,0],"size":[221.418,221.418,154.742]},"pointables":[{"direction":[0.180229,0.40905,-0.894536],"handId":25,"id":98,"length":69.4031,"stabilizedTipPosition":[24.7274,212.447,105.281],"timeVisible":0.43478,"tipPosition":[9.61288,217.649,42.8571],"tipVelocity":[-25.778,-34.6161,-269.21],"tool":false,"touchDistance":-0.116305,"touchZone":"hovering"},{"direction":[0.0991498,0.450186,-0.887413],"handId":25,"id":50,"length":58.1782,"stabilizedTipPosition":[50.6296,205.311,125.03],"timeVisible":0.539128,"tipPosition":[31.8496,208.776,51.9836],"tipVelocity":[-21.9339,-63.881,-281.088],"tool":false,"touchDistance":-0.29858,"touchZone":"hovering"},{"direction":[-0.107768,0.399274,-0.910476],"handId":25,"id":70,"length":76.1642,"stabilizedTipPosition":[-48.6393,201.411,55.1565],"timeVisible":0.295651,"tipPosition":[-48.6555,201.391,54.9835],"tipVelocity":[-30.7285,-22.4929,-263.973],"tool":false,"touchDistance":0.333333,"touchZone":"hovering"},{"direction":[0.295726,0.46816,-0.83269],"handId":25,"id":15,"length":62.7864,"stabilizedTipPosition":[89.1049,175.86,156.315],"timeVisible":0.382607,"tipPosition":[64.115,182.974,79.7767],"tipVelocity":[-36.7685,-54.4919,-268.067],"tool":false,"touchDistance":0.18314,"touchZone":"hovering"},{"direction":[-0.703649,0.525279,-0.478497],"handId":25,"id":74,"length":49.6279,"stabilizedTipPosition":[-86.0373,136.964,157.392],"timeVisible":0.13913,"tipPosition":[-92.5354,138.129,129.187],"tipVelocity":[-36.4865,-12.0162,-255.177],"tool":false,"touchDistance":0.98645,"touchZone":"none"}],"r":[[0.213943,-0.917331,0.335756],[-0.962141,-0.138469,0.234757],[-0.168858,-0.373269,-0.912226]],"s":-90.239,"t":[17574,-26668,12091.8],"timestamp":16812602979},

{"currentFrameRate":57.4999,"gestures":[],"hands":[{"direction":[0.127861,0.711079,-0.691389],"id":25,"palmNormal":[0.0577108,-0.701264,-0.710562],"palmPosition":[-6.17847,149.661,125.356],"palmVelocity":[-16.4543,-35.1166,-205.73],"r":[[0.999809,0.0173546,0.00897505],[-0.0174287,0.999814,0.00824957],[-0.00883022,-0.00840442,0.999926]],"s":1.00651,"sphereCenter":[3.9621,97.7185,55.6188],"sphereRadius":113.008,"stabilizedPalmPosition":[-5.34835,151.21,132.702],"t":[-8.03876,-1.04632,-45.0162],"timeVisible":0.156521}],"id":1015075,"interactionBox":{"center":[0,200,0],"size":[221.418,221.418,154.742]},"pointables":[{"direction":[0.178974,0.402451,-0.897776],"handId":25,"id":98,"length":69.6753,"stabilizedTipPosition":[24.7274,212.447,105.281],"timeVisible":0.452171,"tipPosition":[9.41651,216.717,38.563],"tipVelocity":[-19.2516,-42.4939,-257.633],"tool":false,"touchDistance":-0.187874,"touchZone":"hovering"},{"direction":[0.0982192,0.44253,-0.891359],"handId":25,"id":50,"length":58.0912,"stabilizedTipPosition":[50.6234,205.312,125.005],"timeVisible":0.556519,"tipPosition":[31.7029,207.203,47.5536],"tipVelocity":[-18.5063,-74.9942,-265.147],"tool":false,"touchDistance":-0.363505,"touchZone":"hovering"},{"direction":[-0.107766,0.394809,-0.912421],"handId":25,"id":70,"length":76.1586,"stabilizedTipPosition":[-49.0191,200.653,50.8527],"timeVisible":0.313042,"tipPosition":[-49.0401,200.612,50.6158],"tipVelocity":[-28.8763,-35.5402,-257.485],"tool":false,"touchDistance":0.260539,"touchZone":"hovering"},{"direction":[0.293382,0.460399,-0.83783],"handId":25,"id":15,"length":61.606,"stabilizedTipPosition":[89.0928,175.863,156.277],"timeVisible":0.399998,"tipPosition":[63.5811,181.623,75.3622],"tipVelocity":[-38.1706,-65.8853,-264.083],"tool":false,"touchDistance":0.109565,"touchZone":"hovering"},{"direction":[-0.703378,0.520617,-0.483961],"handId":25,"id":74,"length":49.5824,"stabilizedTipPosition":[-86.0383,136.964,157.387],"timeVisible":0.156521,"tipPosition":[-93.0906,137.83,124.403],"tipVelocity":[-30.182,-17.4142,-250.07],"tool":false,"touchDistance":0.906723,"touchZone":"none"}],"r":[[0.210558,-0.918283,0.335294],[-0.963065,-0.135961,0.232424],[-0.167844,-0.371848,-0.912993]],"s":-90.2393,"t":[17573.6,-26669,12087.4],"timestamp":16812620370},

{"currentFrameRate":57.5002,"gestures":[],"hands":[{"direction":[0.110526,0.711377,-0.694065],"id":25,"palmNormal":[0.0557978,-0.701684,-0.7103],"palmPosition":[-6.45631,148.913,121.875],"palmVelocity":[-15.9761,-43.0316,-200.118],"r":[[0.999741,0.0202175,0.0104946],[-0.0203195,0.999746,0.00970403],[-0.0102958,-0.00991476,0.999898]],"s":1.0059,"sphereCenter":[2.75214,98.2995,52.5859],"sphereRadius":111.843,"stabilizedPalmPosition":[-5.5686,150.753,130.55],"t":[-8.35992,-2.09981,-49.3287],"timeVisible":0.173912}],"id":1015077,"interactionBox":{"center":[0,200,0],"size":[221.418,221.418,154.742]},"pointables":[{"direction":[0.178036,0.394011,-0.901698],"handId":25,"id":98,"length":69.8808,"stabilizedTipPosition":[24.7247,212.448,105.269],"timeVisible":0.469562,"tipPosition":[9.26122,215.63,34.5864],"tipVelocity":[-16.1416,-52.013,-241.014],"tool":false,"touchDistance":-0.25415,"touchZone":"hovering"},{"direction":[0.0971219,0.434466,-0.895436],"handId":25,"id":50,"length":58.1984,"stabilizedTipPosition":[50.6193,205.312,124.987],"timeVisible":0.57391,"tipPosition":[31.5366,205.575,43.1158],"tipVelocity":[-17.4683,-80.447,-263.852],"tool":false,"touchDistance":-0.422055,"touchZone":"hovering"},{"direction":[-0.108123,0.389739,-0.914556],"handId":25,"id":70,"length":76.124,"stabilizedTipPosition":[-49.4052,199.766,46.5791],"timeVisible":0.330433,"tipPosition":[-49.4261,199.718,46.3479],"tipVelocity":[-29.0744,-40.5876,-252.55],"tool":false,"touchDistance":0.189406,"touchZone":"hovering"},{"direction":[0.290451,0.451736,-0.843548],"handId":25,"id":15,"length":61.5416,"stabilizedTipPosition":[89.0843,175.864,156.249],"timeVisible":0.417389,"tipPosition":[63.0192,180.194,71.0645],"tipVelocity":[-38.2021,-70.8415,-257.063],"tool":false,"touchDistance":0.0379378,"touchZone":"hovering"},{"direction":[-0.702571,0.513707,-0.492442],"handId":25,"id":74,"length":49.5504,"stabilizedTipPosition":[-86.0389,136.964,157.384],"timeVisible":0.173912,"tipPosition":[-93.4285,137.372,119.748],"tipVelocity":[-16.2683,-26.3925,-233.193],"tool":false,"touchDistance":0.829129,"touchZone":"none"}],"r":[[0.207286,-0.919394,0.334285],[-0.963959,-0.133703,0.230013],[-0.166778,-0.369915,-0.913974]],"s":-90.2399,"t":[17573.3,-26670,12083.1],"timestamp":16812637761},

{"currentFrameRate":57.5003,"gestures":[],"hands":[{"direction":[0.0955773,0.711531,-0.696124],"id":25,"palmNormal":[0.0545525,-0.702019,-0.710066],"palmPosition":[-6.6203,148.603,118.417],"palmVelocity":[-9.42953,-17.8204,-198.886],"r":[[0.999655,0.0234362,0.0118565],[-0.0235695,0.999659,0.0112306],[-0.0115892,-0.0115062,0.999867]],"s":1.00503,"sphereCenter":[1.68764,99.5456,50.0645],"sphereRadius":110.005,"stabilizedPalmPosition":[-5.68913,150.507,129.159],"t":[-8.65759,-2.96462,-53.3085],"timeVisible":0.191303}],"id":1015079,"interactionBox":{"center":[0,200,0],"size":[221.418,221.418,154.742]},"pointables":[{"direction":[0.177176,0.385704,-0.905451],"handId":25,"id":98,"length":70.096,"stabilizedTipPosition":[24.7234,212.448,105.263],"timeVisible":0.486953,"tipPosition":[9.18647,214.667,30.7432],"tipVelocity":[-11.4626,-46.1055,-233.094],"tool":false,"touchDistance":-0.314717,"touchZone":"hovering"},{"direction":[0.0958609,0.425089,-0.900061],"handId":25,"id":50,"length":58.1767,"stabilizedTipPosition":[50.6157,205.311,124.971],"timeVisible":0.591301,"tipPosition":[31.3536,203.849,38.9242],"tipVelocity":[-17.3433,-86.188,-250.791],"tool":false,"touchDistance":-0.471056,"touchZone":"hovering"},{"direction":[-0.108501,0.384841,-0.916583],"handId":25,"id":70,"length":76.0412,"stabilizedTipPosition":[-49.6817,198.971,43.0702],"timeVisible":0.347824,"tipPosition":[-49.7247,198.847,42.5246],"tipVelocity":[-23.959,-39.9251,-231.38],"tool":false,"touchDistance":0.125685,"touchZone":"hovering"},{"direction":[0.287273,0.441147,-0.850214],"handId":25,"id":15,"length":61.2626,"stabilizedTipPosition":[89.0843,175.864,156.249],"timeVisible":0.43478,"tipPosition":[62.476,178.758,67.1936],"tipVelocity":[-36.4696,-70.9699,-235.548],"tool":false,"touchDistance":-0.0467735,"touchZone":"hovering"},{"direction":[-0.701748,0.506943,-0.500558],"handId":25,"id":74,"length":49.4781,"stabilizedTipPosition":[-86.0392,136.964,157.382],"timeVisible":0.191303,"tipPosition":[-93.7105,136.953,115.138],"tipVelocity":[-13.4548,-22.7107,-225.497],"tool":false,"touchDistance":0.752292,"touchZone":"hovering"}],"r":[[0.203747,-0.920448,0.333561],[-0.96492,-0.131173,0.227429],[-0.165582,-0.368198,-0.914884]],"s":-90.2407,"t":[17573,-26670.9,12079.1],"timestamp":16812655152},

{"currentFrameRate":57.501,"gestures":[],"hands":[{"direction":[0.080474,0.71261,-0.696929],"id":25,"palmNormal":[0.0601102,-0.701394,-0.710234],"palmPosition":[-6.64672,148.446,115.221],"palmVelocity":[-1.51887,-9.05388,-183.762],"r":[[0.999559,0.0268681,0.0126279],[-0.0270281,0.999554,0.012682],[-0.0122816,-0.0130178,0.99984]],"s":1.00381,"sphereCenter":[0.841058,100.313,47.459],"sphereRadius":108.633,"stabilizedPalmPosition":[-5.74776,150.38,128.306],"t":[-8.82939,-3.62504,-57.013],"timeVisible":0.208694}],"id":1015081,"interactionBox":{"center":[0,200,0],"size":[221.418,221.418,154.742]},"pointables":[{"direction":[0.176649,0.376884,-0.90926],"handId":25,"id":98,"length":70.1567,"stabilizedTipPosition":[24.7228,212.448,105.26],"timeVisible":0.504344,"tipPosition":[9.27692,213.819,27.1464],"tipVelocity":[-2.56119,-41.1764,-219.664],"tool":false,"touchDistance":-0.36553,"touchZone":"hovering"},{"direction":[0.0940537,0.413648,-0.905566],"handId":25,"id":50,"length":58.0205,"stabilizedTipPosition":[50.6125,205.311,124.956],"timeVisible":0.608692,"tipPosition":[31.2689,202.284,35.1931],"tipVelocity":[-11.6936,-77.8676,-226.864],"tool":false,"touchDistance":-0.508251,"touchZone":"hovering"},{"direction":[-0.108979,0.379933,-0.918572],"handId":25,"id":70,"length":76.0348,"stabilizedTipPosition":[-49.8181,198.296,39.9898],"timeVisible":0.365215,"tipPosition":[-49.8595,198.091,39.0561],"tipVelocity":[-15.1498,-34.6427,-213.614],"tool":false,"touchDistance":0.0678766,"touchZone":"hovering"},{"direction":[0.283887,0.431501,-0.85628],"handId":25,"id":15,"length":60.7176,"stabilizedTipPosition":[89.0842,175.864,156.249],"timeVisible":0.452171,"tipPosition":[62.1625,177.699,63.5303],"tipVelocity":[-24.4413,-52.2843,-223.812],"tool":false,"touchDistance":-0.107828,"touchZone":"hovering"},{"direction":[-0.701437,0.501885,-0.506061],"handId":25,"id":74,"length":49.3614,"stabilizedTipPosition":[-86.0393,136.964,157.382],"timeVisible":0.208694,"tipPosition":[-94.0177,136.702,110.521],"tipVelocity":[-15.5728,-11.5558,-222.721],"tool":false,"touchDistance":0.675352,"touchZone":"hovering"}],"r":[[0.200144,-0.92127,0.333472],[-0.965889,-0.128447,0.224854],[-0.164317,-0.3671,-0.915553]],"s":-90.2419,"t":[17572.8,-26671.6,12075.4],"timestamp":16812672543},

{"currentFrameRate":57.5013,"gestures":[],"hands":[{"direction":[0.0670297,0.712574,-0.698388],"id":25,"palmNormal":[0.0586019,-0.701565,-0.710191],"palmPosition":[-6.5496,148.427,112.204],"palmVelocity":[5.58444,-1.06097,-173.471],"r":[[0.999488,0.0290575,0.0134142],[-0.0292386,0.999481,0.0135092],[-0.0130147,-0.0138945,0.999819]],"s":1.00297,"sphereCenter":[0.155845,101.016,44.9161],"sphereRadius":107.387,"stabilizedPalmPosition":[-5.77411,150.316,127.776],"t":[-8.78986,-4.19453,-60.4542],"timeVisible":0.226085}],"id":1015083,"interactionBox":{"center":[0,200,0],"size":[221.418,221.418,154.742]},"pointables":[{"direction":[0.176225,0.369107,-0.912527],"handId":25,"id":98,"length":70.1933,"stabilizedTipPosition":[24.7225,212.448,105.258],"timeVisible":0.521735,"tipPosition":[9.52927,213.168,23.7902],"tipVelocity":[6.01923,-31.7407,-206.593],"tool":false,"touchDistance":-0.407653,"touchZone":"hovering"},{"direction":[0.0926491,0.402597,-0.910677],"handId":25,"id":50,"length":57.9412,"stabilizedTipPosition":[50.6098,205.31,124.943],"timeVisible":0.626083,"tipPosition":[31.3699,201.07,31.8053],"tipVelocity":[-1.4936,-60.4905,-208.564],"tool":false,"touchDistance":-0.536576,"touchZone":"hovering"},{"direction":[-0.109075,0.374834,-0.920653],"handId":25,"id":70,"length":75.935,"stabilizedTipPosition":[-49.8091,197.752,37.2283],"timeVisible":0.382606,"tipPosition":[-49.8044,197.472,35.801],"tipVelocity":[-5.03947,-28.6194,-201.878],"tool":false,"touchDistance":0.0136253,"touchZone":"hovering"},{"direction":[0.280729,0.422563,-0.861761],"handId":25,"id":15,"length":60.7247,"stabilizedTipPosition":[89.0813,175.865,156.239],"timeVisible":0.469562,"tipPosition":[62.0167,176.861,60.1547],"tipVelocity":[-15.3406,-42.4869,-207.988],"tool":false,"touchDistance":-0.164089,"touchZone":"hovering"},{"direction":[-0.700747,0.495745,-0.51302],"handId":25,"id":74,"length":49.3237,"stabilizedTipPosition":[-86.0393,136.964,157.381],"timeVisible":0.226085,"tipPosition":[-94.0201,136.139,106.174],"tipVelocity":[2.43665,-30.963,-208.538],"tool":false,"touchDistance":0.602894,"touchZone":"hovering"}],"r":[[0.197767,-0.921914,0.333111],[-0.96649,-0.126649,0.223288],[-0.163664,-0.366107,-0.916067]],"s":-90.2428,"t":[17572.9,-26672.1,12072],"timestamp":16812689934},

{"currentFrameRate":57.4995,"gestures":[],"hands":[{"direction":[0.0543519,0.711939,-0.700135],"id":25,"palmNormal":[0.0580792,-0.702238,-0.709569],"palmPosition":[-6.28162,148.369,109.119],"palmVelocity":[15.4082,-3.36831,-177.387],"r":[[0.999419,0.0312093,0.0137017],[-0.0314005,0.999409,0.0139643],[-0.0132578,-0.0143864,0.999809]],"s":1.00213,"sphereCenter":[-0.301569,102.223,42.6645],"sphereRadius":105.648,"stabilizedPalmPosition":[-5.78529,150.273,127.365],"t":[-8.55527,-4.77154,-63.7047],"timeVisible":0.243477}],"id":1015085,"interactionBox":{"center":[0,200,0],"size":[221.418,221.418,154.742]},"pointables":[{"direction":[0.176063,0.360877,-0.915843],"handId":25,"id":98,"length":70.2577,"stabilizedTipPosition":[24.7222,212.448,105.257],"timeVisible":0.539127,"tipPosition":[9.95926,212.634,20.735],"tipVelocity":[15.3022,-26.4741,-190.533],"tool":false,"touchDistance":-0.441049,"touchZone":"hovering"},{"direction":[0.0916148,0.392245,-0.915287],"handId":25,"id":50,"length":57.7995,"stabilizedTipPosition":[50.6072,205.31,124.93],"timeVisible":0.643475,"tipPosition":[31.6581,199.982,28.5618],"tipVelocity":[8.83747,-55.8118,-200.11],"tool":false,"touchDistance":-0.559905,"touchZone":"hovering"},{"direction":[-0.110301,0.372228,-0.921564],"handId":25,"id":70,"length":75.8911,"stabilizedTipPosition":[-49.8091,197.752,37.2283],"timeVisible":0.399998,"tipPosition":[-49.5045,197.02,32.7042],"tipVelocity":[8.20311,-21.4459,-192.178],"tool":false,"touchDistance":-0.0879871,"touchZone":"hovering"},{"direction":[0.276829,0.412293,-0.867975],"handId":25,"id":15,"length":60.3593,"stabilizedTipPosition":[89.0782,175.865,156.227],"timeVisible":0.486954,"tipPosition":[62.0372,176.007,57.1135],"tipVelocity":[-6.50322,-44.471,-189.924],"tool":false,"touchDistance":-0.214776,"touchZone":"hovering"},{"direction":[-0.700115,0.489389,-0.51994],"handId":25,"id":74,"length":49.244,"stabilizedTipPosition":[-86.0394,136.964,157.381],"timeVisible":0.243477,"tipPosition":[-93.8715,135.543,102.006],"tipVelocity":[9.89363,-31.8747,-202.514],"tool":false,"touchDistance":0.533432,"touchZone":"hovering"}],"r":[[0.195537,-0.922348,0.333227],[-0.967011,-0.12477,0.222087],[-0.163265,-0.36566,-0.916317]],"s":-90.2436,"t":[17573.1,-26672.7,12068.7],"timestamp":16812707326},

{"currentFrameRate":57.4999,"gestures":[],"hands":[{"direction":[0.041537,0.711266,-0.701695],"id":25,"palmNormal":[0.0658688,-0.702723,-0.708408],"palmPosition":[-5.84644,148.347,106.243],"palmVelocity":[25.0232,-1.24127,-165.362],"r":[[0.999303,0.0350106,0.0129839],[-0.0351996,0.999273,0.0146235],[-0.0124625,-0.0150704,0.999809]],"s":1.00023,"sphereCenter":[-0.708309,103.89,41.0875],"sphereRadius":103.46,"stabilizedPalmPosition":[-5.78623,150.244,127.043],"t":[-8.23822,-5.3864,-67.0609],"timeVisible":0.260868}],"id":1015087,"interactionBox":{"center":[0,200,0],"size":[221.418,221.418,154.742]},"pointables":[{"direction":[0.176286,0.352798,-0.918943],"handId":25,"id":98,"length":70.1942,"stabilizedTipPosition":[24.722,212.448,105.255],"timeVisible":0.556518,"tipPosition":[10.6101,212.031,17.797],"tipVelocity":[27.0326,-30.7334,-183.158],"tool":false,"touchDistance":-0.469348,"touchZone":"hovering"},{"direction":[0.0905545,0.378619,-0.921112],"handId":25,"id":50,"length":57.7536,"stabilizedTipPosition":[50.6033,205.308,124.909],"timeVisible":0.660866,"tipPosition":[32.0384,198.236,25.2973],"tipVelocity":[14.4223,-93.1844,-199.692],"tool":false,"touchDistance":-0.581214,"touchZone":"hovering"},{"direction":[-0.109549,0.367701,-0.923469],"handId":25,"id":70,"length":75.8741,"stabilizedTipPosition":[-49.8091,197.752,37.2283],"timeVisible":0.417389,"tipPosition":[-48.8998,196.684,29.488],"tipVelocity":[24.103,-16.4671,-195.895],"tool":false,"touchDistance":-0.141591,"touchZone":"hovering"},{"direction":[0.273455,0.400521,-0.874532],"handId":25,"id":15,"length":60.3086,"stabilizedTipPosition":[89.0753,175.865,156.216],"timeVisible":0.504345,"tipPosition":[62.2226,175.022,54.0874],"tipVelocity":[2.67218,-52.2115,-186.947],"tool":false,"touchDistance":-0.26521,"touchZone":"hovering"},{"direction":[-0.699383,0.483143,-0.526722],"handId":25,"id":74,"length":49.1794,"stabilizedTipPosition":[-86.0394,136.964,157.381],"timeVisible":0.260868,"tipPosition":[-93.7275,135.22,97.7316],"tipVelocity":[8.04835,-14.7121,-212.037],"tool":false,"touchDistance":0.462194,"touchZone":"hovering"}],"r":[[0.191914,-0.922586,0.334669],[-0.967875,-0.121479,0.220139],[-0.162442,-0.366166,-0.916262]],"s":-90.2455,"t":[17573.4,-26673.3,12065.4],"timestamp":16812724717},

