[{"currentFrameRate":56.9945,"gestures":[],"hands":[{"direction":[0.601566,0.46683,-0.648219],"id":100,"palmNormal":[0.187134,-0.871243,-0.45378],"palmPosition":[113.062,159.635,184.185],"palmVelocity":[-928.996,-93.9661,-211.925],"r":[[1,0,0],[0,1,0],[0,0,1]],"s":1,"sphereCenter":[145.941,116.735,162.654],"sphereRadius":80.5492,"stabilizedPalmPosition":[113.095,159.638,184.193],"t":[0,0,0],"timeVisible":0.162964}],"id":1010252,"interactionBox":{"center":[0,200,0],"size":[221.418,221.418,154.742]},"pointables":[{"direction":[-0.0534216,0.348364,-0.935836],"handId":100,"id":51,"length":33.8779,"stabilizedTipPosition":[205.335,357.915,-97.0838],"timeVisible":0,"tipPosition":[86.3576,169.757,130.611],"tipVelocity":[-880.558,-12.9434,-362.718],"tool":false,"touchDistance":0.0166667,"touchZone":"none"},{"direction":[0.372683,0.364941,-0.853185],"handId":100,"id":24,"length":44.3025,"stabilizedTipPosition":[202.063,170.884,182.358],"timeVisible":0.069565,"tipPosition":[190.417,172.751,174.116],"tipVelocity":[-741.895,138.049,-576.731],"tool":false,"touchDistance":0.40343,"touchZone":"hovering"}],"r":[[0.0750661,-0.928061,0.364786],[-0.976857,0.00503661,0.213833],[-0.200287,-0.372395,-0.906205]],"s":-89.3676,"t":[17869.2,-26253,12590.4],"timestamp":16737764122},

{"currentFrameRate":57.2514,"gestures":[],"hands":[{"direction":[0.572128,0.50338,-0.647517],"id":100,"palmNormal":[0.190656,-0.849497,-0.491941],"palmPosition":[98.578,158.012,180.009],"palmVelocity":[-832.823,-93.3172,-240.103],"r":[[0.999979,-0.0036298,0.00530502],[0.00365817,0.999979,-0.0053493],[-0.00528549,0.0053686,0.999972]],"s":1.00204,"sphereCenter":[137.353,112.333,155.875],"sphereRadius":83.9677,"stabilizedPalmPosition":[98.6114,158.016,180.019],"t":[-6.24715,0.559161,-4.09811],"timeVisible":0}],"id":1010254,"interactionBox":{"center":[0,200,0],"size":[221.418,221.418,154.742]},"pointables":[{"direction":[-0.0273051,0.306139,-0.951595],"handId":100,"id":51,"length":36.6539,"stabilizedTipPosition":[67.4321,169.758,123.368],"timeVisible":0.017391,"tipPosition":[67.4321,169.758,123.368],"tipVelocity":[-795.781,-1.26317,-407.638],"tool":false,"touchDistance":0.889465,"touchZone":"hovering"},{"direction":[0.354411,0.357042,-0.864242],"handId":100,"id":24,"length":46.345,"stabilizedTipPosition":[187.994,172.898,172.678],"timeVisible":0.086956,"tipPosition":[173.114,175.029,162.44],"tipVelocity":[-684.714,108.748,-510.045],"tool":false,"touchDistance":0.3937,"touchZone":"hovering"}],"r":[[0.0789437,-0.931104,0.356109],[-0.976938,-0.00116703,0.21352],[-0.198394,-0.364752,-0.909723]],"s":-89.3654,"t":[17856.3,-26251.5,12582.2],"timestamp":16737781513},

{"currentFrameRate":57.3781,"gestures":[],"hands":[{"direction":[0.541824,0.526898,-0.654833],"id":100,"palmNormal":[0.201436,-0.837806,-0.50745],"palmPosition":[85.7791,157.047,175.076],"palmVelocity":[-735.949,-55.5031,-283.675],"r":[[0.999839,-0.0113001,0.0139274],[0.0114557,0.999872,-0.0111429],[-0.0137997,0.0113006,0.999841]],"s":1.00738,"sphereCenter":[128.499,108.957,149.375],"sphereRadius":86.7465,"stabilizedPalmPosition":[85.8177,157.05,175.091],"t":[-14.9978,1.41649,-9.9616],"timeVisible":0.017391}],"id":1010256,"interactionBox":{"center":[0,200,0],"size":[221.418,221.418,154.742]},"pointables":[{"direction":[-0.0150953,0.272087,-0.962154],"handId":100,"id":51,"length":39.1891,"stabilizedTipPosition":[50.696,169.849,114.697],"timeVisible":0.034782,"tipPosition":[50.696,169.849,114.697],"tipVelocity":[-720.097,4.87104,-412.722],"tool":false,"touchDistance":0.744958,"touchZone":"hovering"},{"direction":[0.341734,0.353264,-0.870875],"handId":100,"id":24,"length":48.2148,"stabilizedTipPosition":[172.56,175.093,161.952],"timeVisible":0.104347,"tipPosition":[156.074,177.437,150.495],"tipVelocity":[-600.661,118.158,-462.429],"tool":false,"touchDistance":0.383746,"touchZone":"hovering"}],"r":[[0.0843596,-0.934302,0.346358],[-0.97697,-0.00918421,0.213178],[-0.195992,-0.356365,-0.91356]],"s":-89.36,"t":[17844.1,-26250.2,12574.2],"timestamp":16737798904},

{"currentFrameRate":57.441,"gestures":[],"hands":[{"direction":[0.506698,0.545083,-0.667938],"id":100,"palmNormal":[0.206568,-0.828952,-0.519778],"palmPosition":[74.5903,156.193,170.056],"palmVelocity":[-643.366,-49.0723,-288.673],"r":[[0.999421,-0.0214559,0.0263891],[0.0218961,0.999624,-0.0165074],[-0.026025,0.0170757,0.999515]],"s":1.01347,"sphereCenter":[119.701,106.38,142.982],"sphereRadius":88.9616,"stabilizedPalmPosition":[74.6329,156.197,170.075],"t":[-24.6756,2.25084,-16.8133],"timeVisible":0.034782}],"id":1010258,"interactionBox":{"center":[0,200,0],"size":[221.418,221.418,154.742]},"pointables":[{"direction":[-0.0112037,0.243154,-0.969923],"handId":100,"id":51,"length":41.5137,"stabilizedTipPosition":[37.2603,170.089,105.177],"timeVisible":0.052173,"tipPosition":[37.2603,170.089,105.177],"tipVelocity":[-661.2,14.1159,-416.461],"tool":false,"touchDistance":0.586288,"touchZone":"hovering"},{"direction":[0.333763,0.351545,-0.874653],"handId":100,"id":24,"length":49.5086,"stabilizedTipPosition":[158.058,177.271,151.203],"timeVisible":0.121738,"tipPosition":[141.876,179.702,139.209],"tipVelocity":[-574.688,66.6728,-483.523],"tool":false,"touchDistance":0.374341,"touchZone":"hovering"}],"r":[[0.0891533,-0.937672,0.335891],[-0.976984,-0.0167141,0.212655],[-0.193787,-0.347119,-0.917581]],"s":-89.3538,"t":[17832.8,-26249.1,12566.3],"timestamp":16737816295},

{"currentFrameRate":57.4719,"gestures":[],"hands":[{"direction":[0.471796,0.554349,-0.685642],"id":100,"palmNormal":[0.19796,-0.824375,-0.530299],"palmPosition":[64.565,155.263,164.716],"palmVelocity":[-576.467,-53.491,-307.055],"r":[[0.99857,-0.031517,0.0431891],[0.0324468,0.999253,-0.0209991],[-0.042495,0.0223704,0.998846]],"s":1.01867,"sphereCenter":[111.259,105.482,136.597],"sphereRadius":89.8573,"stabilizedPalmPosition":[64.6329,155.269,164.752],"t":[-34.4631,2.73716,-24.1756],"timeVisible":0.052173}],"id":1010260,"interactionBox":{"center":[0,200,0],"size":[221.418,221.418,154.742]},"pointables":[{"direction":[-0.0165982,0.219912,-0.975378],"handId":100,"id":51,"length":43.7263,"stabilizedTipPosition":[26.4092,170.334,95.8963],"timeVisible":0.069564,"tipPosition":[26.4092,170.334,95.8963],"tipVelocity":[-609.03,12.8048,-409.344],"tool":false,"touchDistance":0.431604,"touchZone":"hovering"},{"direction":[0.32716,0.351657,-0.8771],"handId":100,"id":24,"length":50.7507,"stabilizedTipPosition":[147.362,178.869,142.511],"timeVisible":0.139129,"tipPosition":[130.868,181.334,129.108],"tipVelocity":[-544.634,5.19442,-499.161],"tool":false,"touchDistance":0.985138,"touchZone":"hovering"}],"r":[[0.0920234,-0.941384,0.324543],[-0.977046,-0.0224781,0.211838],[-0.192126,-0.336587,-0.921844]],"s":-89.3486,"t":[17822.1,-26248.5,12558.4],"timestamp":16737833686},

{"currentFrameRate":57.4851,"gestures":[],"hands":[{"direction":[0.43789,0.562436,-0.701369],"id":100,"palmNormal":[0.189,-0.820298,-0.539806],"palmPosition":[55.4991,154.169,159.384],"palmVelocity":[-521.267,-62.9239,-306.553],"r":[[0.99715,-0.0416744,0.0628846],[0.0432909,0.99876,-0.0245652],[-0.0617829,0.0272175,0.997718]],"s":1.02487,"sphereCenter":[102.985,104.618,130.09],"sphereRadius":90.765,"stabilizedPalmPosition":[55.5912,154.18,159.438],"t":[-43.7252,3.1169,-31.5559],"timeVisible":0.069565}],"id":1010262,"interactionBox":{"center":[0,200,0],"size":[221.418,221.418,154.742]},"pointables":[{"direction":[-0.0222959,0.201262,-0.979284],"handId":100,"id":51,"length":45.7971,"stabilizedTipPosition":[17.1822,170.445,87.4438],"timeVisible":0.086956,"tipPosition":[17.1822,170.445,87.4438],"tipVelocity":[-553.271,4.19499,-404.2],"tool":false,"touchDistance":0.333333,"touchZone":"hovering"},{"direction":[0.318866,0.348325,-0.881473],"handId":100,"id":24,"length":51.6777,"stabilizedTipPosition":[137.007,180.438,133.402],"timeVisible":0.156521,"tipPosition":[122.247,182.675,120.417],"tipVelocity":[-474.092,37.6414,-449.47],"tool":false,"touchDistance":0.840288,"touchZone":"hovering"}],"r":[[0.0950028,-0.944893,0.313293],[-0.977089,-0.0283001,0.210939],[-0.190448,-0.326155,-0.925933]],"s":-89.3423,"t":[17812.5,-26248.1,12550.8],"timestamp":16737851078},

{"currentFrameRate":57.4929,"gestures":[],"hands":[{"direction":[0.405168,0.570834,-0.714134],"id":100,"palmNormal":[0.183896,-0.816042,-0.547958],"palmPosition":[47.4284,153.06,154.111],"palmVelocity":[-464.077,-63.7358,-303.213],"r":[[0.995091,-0.0520069,0.0841997],[0.054479,0.998141,-0.027332],[-0.0826217,0.0317849,0.996074]],"s":1.03076,"sphereCenter":[95.0782,103.996,123.625],"sphereRadius":91.4369,"stabilizedPalmPosition":[47.547,153.077,154.188],"t":[-52.3746,3.36276,-38.8349],"timeVisible":0.086956}],"id":1010264,"interactionBox":{"center":[0,200,0],"size":[221.418,221.418,154.742]},"pointables":[{"direction":[-0.029674,0.187634,-0.981791],"handId":100,"id":51,"length":47.6938,"stabilizedTipPosition":[8.92017,170.514,79.8792],"timeVisible":0.104347,"tipPosition":[8.92017,170.514,79.8792],"tipVelocity":[-504.228,2.34375,-393.596],"tool":false,"touchDistance":0.333333,"touchZone":"hovering"},{"direction":[0.313474,0.348597,-0.883297],"handId":100,"id":24,"length":52.4337,"stabilizedTipPosition":[126.783,181.89,123.806],"timeVisible":0.173912,"tipPosition":[114.81,183.59,112.568],"tipVelocity":[-440.954,13.3104,-438.32],"tool":false,"touchDistance":0.70946,"touchZone":"hovering"}],"r":[[0.0972235,-0.948212,0.302393],[-0.977149,-0.0332379,0.209943],[-0.189019,-0.315895,-0.929775]],"s":-89.3364,"t":[17803.6,-26247.8,12543.4],"timestamp":16737868469},

{"currentFrameRate":57.4967,"gestures":[],"hands":[{"direction":[0.373061,0.581509,-0.722961],"id":100,"palmNormal":[0.18773,-0.810408,-0.554974],"palmPosition":[40.2638,151.767,149.062],"palmVelocity":[-411.968,-74.3747,-290.323],"r":[[0.99258,-0.0622655,0.104439],[0.0656317,0.997419,-0.0291068],[-0.102357,0.0357454,0.994105]],"s":1.0363,"sphereCenter":[87.419,103.729,117.306],"sphereRadius":91.7516,"stabilizedPalmPosition":[40.4249,151.796,149.175],"t":[-60.4945,3.32378,-45.9268],"timeVisible":0.104347}],"id":1010266,"interactionBox":{"center":[0,200,0],"size":[221.418,221.418,154.742]},"pointables":[{"direction":[-0.0381723,0.175907,-0.983666],"handId":100,"id":51,"length":49.4105,"stabilizedTipPosition":[1.34024,170.311,72.7474],"timeVisible":0.121738,"tipPosition":[1.34024,170.311,72.7474],"tipVelocity":[-460.624,-13.2789,-395.614],"tool":false,"touchDistance":0.333333,"touchZone":"hovering"},{"direction":[0.307782,0.346948,-0.885944],"handId":100,"id":24,"length":53.0721,"stabilizedTipPosition":[119.267,182.716,116.364],"timeVisible":0.191303,"tipPosition":[108.025,183.952,105.231],"tipVelocity":[-407.455,-18.0051,-420.615],"tool":false,"touchDistance":0.587189,"touchZone":"hovering"},{"direction":[-0.603817,0.570265,-0.556959],"handId":100,"id":97,"length":25.7154,"stabilizedTipPosition":[1.4714e-303,9.93943e-311,8.48799e-314],"timeVisible":0,"tipPosition":[-35.5532,128.162,150.307],"tipVelocity":[-459.538,11.645,-332.571],"tool":false,"touchDistance":0.0166667,"touchZone":"none"}],"r":[[0.0986587,-0.951087,0.292746],[-0.977317,-0.0372072,0.208487],[-0.187397,-0.306674,-0.933184]],"s":-89.3309,"t":[17795.4,-26247.8,12536.2],"timestamp":16737885860},

{"currentFrameRate":57.4992,"gestures":[],"hands":[{"direction":[0.266729,0.59004,-0.762042],"id":100,"palmNormal":[0.188263,-0.807354,-0.559229],"palmPosition":[33.8929,150.62,143.899],"palmVelocity":[-366.333,-65.957,-296.881],"r":[[0.988484,-0.0765951,0.130506],[0.0808523,0.996343,-0.0276333],[-0.127912,0.0378668,0.991062]],"s":1.04144,"sphereCenter":[80.1824,103.921,111.172],"sphereRadius":91.6075,"stabilizedPalmPosition":[34.1125,150.659,144.076],"t":[-67.8061,3.10544,-52.777],"timeVisible":0.121738}],"id":1010268,"interactionBox":{"center":[0,200,0],"size":[221.418,221.418,154.742]},"pointables":[{"direction":[-0.0456845,0.165366,-0.985174],"handId":100,"id":51,"length":50.9061,"stabilizedTipPosition":[-5.57794,169.906,65.9908],"timeVisible":0.139129,"tipPosition":[-5.57794,169.906,65.9908],"tipVelocity":[-415.974,-24.1558,-386.8],"tool":false,"touchDistance":0.333333,"touchZone":"hovering"},{"direction":[0.301242,0.34524,-0.888855],"handId":100,"id":24,"length":53.6048,"stabilizedTipPosition":[113.085,183.163,109.914],"timeVisible":0.208694,"tipPosition":[101.871,183.973,98.2174],"tipVelocity":[-362.134,-13.7233,-405.965],"tool":false,"touchDistance":0.47029,"touchZone":"hovering"},{"direction":[-0.611653,0.559796,-0.559026],"handId":100,"id":97,"length":26.4553,"stabilizedTipPosition":[-44.5992,128.333,142.854],"timeVisible":0.017391,"tipPosition":[-44.5992,128.333,142.854],"tipVelocity":[-400.153,-4.88008,-336.267],"tool":false,"touchDistance":1,"touchZone":"none"}],"r":[[0.099792,-0.953657,0.283868],[-0.977525,-0.0407182,0.20685],[-0.185705,-0.29813,-0.936286]],"s":-89.3257,"t":[17788,-26248,12529.4],"timestamp":16737903251},

{"currentFrameRate":57.5004,"gestures":[],"hands":[{"direction":[0.170702,0.591437,-0.788075],"id":100,"palmNormal":[0.186364,-0.804758,-0.563589],"palmPosition":[28.1167,149.253,138.846],"palmVelocity":[-332.136,-78.5775,-290.531],"r":[[0.982716,-0.0932405,0.159926],[0.0982622,0.994877,-0.0237672],[-0.156891,0.0390711,0.986843]],"s":1.04626,"sphereCenter":[73.4027,103.991,105.123],"sphereRadius":91.416,"stabilizedPalmPosition":[28.4018,149.32,139.095],"t":[-74.5122,2.55212,-59.3897],"timeVisible":0.139129}],"id":1010270,"interactionBox":{"center":[0,200,0],"size":[221.418,221.418,154.742]},"pointables":[{"direction":[-0.0525604,0.155424,-0.986449],"handId":100,"id":51,"length":52.2552,"stabilizedTipPosition":[-11.8696,169.254,59.5372],"timeVisible":0.15652,"tipPosition":[-11.8696,169.254,59.5372],"tipVelocity":[-376.884,-37.5026,-375.807],"tool":false,"touchDistance":0.333333,"touchZone":"hovering"},{"direction":[0.29518,0.343725,-0.891472],"handId":100,"id":24,"length":54.0691,"stabilizedTipPosition":[107.938,183.304,104.284],"timeVisible":0.226085,"tipPosition":[96.2314,183.626,91.4779],"tipVelocity":[-331.11,-35.4577,-389.244],"tool":false,"touchDistance":0.357966,"touchZone":"hovering"},{"direction":[-0.61844,0.551766,-0.559542],"handId":100,"id":97,"length":27.138,"stabilizedTipPosition":[-49.7996,128.196,137.234],"timeVisible":0.034782,"tipPosition":[-51.6997,128.146,135.181],"tipVelocity":[-366.788,-27.1356,-335.9],"tool":false,"touchDistance":1,"touchZone":"none"}],"r":[[0.100733,-0.955892,0.275903],[-0.977731,-0.0437951,0.205241],[-0.184105,-0.290434,-0.939017]],"s":-89.3209,"t":[17781.3,-26248.6,12522.7],"timestamp":16737920642},

{"currentFrameRate":57.501,"gestures":[],"hands":[{"direction":[0.087449,0.587287,-0.804641],"id":100,"palmNormal":[0.185745,-0.803183,-0.566035],"palmPosition":[22.7685,147.757,133.793],"palmVelocity":[-307.53,-86.0254,-290.584],"r":[[0.975374,-0.110631,0.190805],[0.116128,0.993074,-0.017835],[-0.18751,0.0395536,0.981466]],"s":1.05083,"sphereCenter":[66.7099,105.832,99.7409],"sphereRadius":89.6498,"stabilizedPalmPosition":[23.1427,147.861,134.145],"t":[-80.7037,1.70653,-65.8079],"timeVisible":0.15652}],"id":1010272,"interactionBox":{"center":[0,200,0],"size":[221.418,221.418,154.742]},"pointables":[{"direction":[-0.0585387,0.146954,-0.98741],"handId":100,"id":51,"length":53.4278,"stabilizedTipPosition":[-17.6046,168.372,53.2972],"timeVisible":0.173911,"tipPosition":[-17.6046,168.372,53.2972],"tipVelocity":[-343.463,-49.3505,-366.306],"tool":false,"touchDistance":0.333333,"touchZone":"hovering"},{"direction":[0.289572,0.340479,-0.894551],"handId":100,"id":24,"length":54.4723,"stabilizedTipPosition":[103.398,183.163,99.0328],"timeVisible":0.243476,"tipPosition":[91.0026,182.776,84.6972],"tipVelocity":[-307.447,-72.3583,-404.159],"tool":false,"touchDistance":0.333333,"touchZone":"hovering"},{"direction":[-0.625239,0.54631,-0.557334],"handId":100,"id":97,"length":27.8377,"stabilizedTipPosition":[-55.0114,127.896,131.075],"timeVisible":0.052173,"tipPosition":[-57.7181,127.74,127.877],"tipVelocity":[-352.459,-34.5841,-323.448],"tool":false,"touchDistance":0.96461,"touchZone":"hovering"}],"r":[[0.100589,-0.958027,0.268453],[-0.978095,-0.0457968,0.203057],[-0.182239,-0.282997,-0.941648]],"s":-89.3163,"t":[17775.1,-26249.4,12516.3],"timestamp":16737938033},

{"currentFrameRate":57.4993,"gestures":[],"hands":[{"direction":[0.0183729,0.580526,-0.814035],"id":100,"palmNormal":[0.176686,-0.803244,-0.568842],"palmPosition":[17.8581,146.006,129.274],"palmVelocity":[-282.338,-100.664,-259.795],"r":[[0.967107,-0.126737,0.220548],[0.132415,0.991132,-0.0110934],[-0.217186,0.0399324,0.975313]],"s":1.05469,"sphereCenter":[59.7176,111.045,96.0477],"sphereRadius":85.0941,"stabilizedPalmPosition":[18.3106,146.165,129.691],"t":[-86.3683,0.648359,-71.3023],"timeVisible":0.173912}],"id":1010274,"interactionBox":{"center":[0,200,0],"size":[221.418,221.418,154.742]},"pointables":[{"direction":[-0.0639626,0.138872,-0.988243],"handId":100,"id":51,"length":54.5427,"stabilizedTipPosition":[-22.81,167.289,47.1682],"timeVisible":0.191303,"tipPosition":[-22.81,167.289,47.1682],"tipVelocity":[-312.243,-59.3829,-360.605],"tool":false,"touchDistance":0.333333,"touchZone":"hovering"},{"direction":[0.286031,0.335465,-0.89758],"handId":100,"id":24,"length":54.5898,"stabilizedTipPosition":[98.5931,182.579,93.7547],"timeVisible":0.260868,"tipPosition":[85.9517,181.042,79.8672],"tipVelocity":[-301.691,-130.945,-215.614],"tool":false,"touchDistance":0.333333,"touchZone":"hovering"},{"direction":[-0.631846,0.539856,-0.556171],"handId":100,"id":97,"length":28.4971,"stabilizedTipPosition":[-59.4748,127.443,125.511],"timeVisible":0.069565,"tipPosition":[-62.6712,127.119,121.527],"tipVelocity":[-305.021,-42.5788,-291.038],"tool":false,"touchDistance":0.858784,"touchZone":"hovering"}],"r":[[0.0992537,-0.959301,0.264366],[-0.97855,-0.0459,0.20083],[-0.180522,-0.278629,-0.94328]],"s":-89.3125,"t":[17769.4,-26250.5,12510.8],"timestamp":16737955425},

{"currentFrameRate":57.4999,"gestures":[],"hands":[{"direction":[-0.034065,0.57234,-0.819309],"id":100,"palmNormal":[0.170226,-0.804483,-0.56906],"palmPosition":[13.6079,144.644,124.235],"palmVelocity":[-244.388,-78.3638,-289.747],"r":[[0.958397,-0.140511,0.24846],[0.145984,0.98928,-0.00364409],[-0.245285,0.0397637,0.968635]],"s":1.05868,"sphereCenter":[54.2134,109.932,90.075],"sphereRadius":85.2697,"stabilizedPalmPosition":[14.1375,144.815,124.85],"t":[-91.4323,-0.552257,-77.1143],"timeVisible":0.191303}],"id":1010276,"interactionBox":{"center":[0,200,0],"size":[221.418,221.418,154.742]},"pointables":[{"direction":[-0.0684441,0.131147,-0.988997],"handId":100,"id":51,"length":55.4878,"stabilizedTipPosition":[-27.477,165.971,41.2262],"timeVisible":0.208694,"tipPosition":[-27.477,165.971,41.2262],"tipVelocity":[-280.648,-71.5062,-350.54],"tool":false,"touchDistance":0.333333,"touchZone":"hovering"},{"direction":[0.0798141,0.17768,-0.980846],"handId":100,"id":19,"length":56.2622,"stabilizedTipPosition":[1.4714e-303,9.93943e-311,2.122e-314],"timeVisible":0,"tipPosition":[52.8322,192.853,52.0608],"tipVelocity":[-250.866,-90.0988,-361.228],"tool":false,"touchDistance":0.0166667,"touchZone":"none"},{"direction":[0.281114,0.331132,-0.900737],"handId":100,"id":24,"length":54.8985,"stabilizedTipPosition":[94.797,181.932,89.1099],"timeVisible":0.278259,"tipPosition":[81.7777,179.713,73.1799],"tipVelocity":[-250.015,-70.6003,-421.361],"tool":false,"touchDistance":0.333333,"touchZone":"hovering"},{"direction":[-0.637868,0.532984,-0.555925],"handId":100,"id":97,"length":29.2189,"stabilizedTipPosition":[-63.4906,126.847,120.561],"timeVisible":0.086956,"tipPosition":[-67.3345,126.277,115.823],"tipVelocity":[-296.36,-52.904,-284.796],"tool":false,"touchDistance":0.763721,"touchZone":"hovering"}],"r":[[0.0974915,-0.961104,0.258407],[-0.979156,-0.0461419,0.197797],[-0.178181,-0.272305,-0.94557]],"s":-89.3085,"t":[17764.3,-26251.7,12505],"timestamp":16737972816},

{"currentFrameRate":57.5002,"gestures":[],"hands":[{"direction":[-0.0390274,0.569884,-0.820798],"id":100,"palmNormal":[0.165264,-0.80643,-0.567767],"palmPosition":[9.74477,143.399,119.161],"palmVelocity":[-222.135,-71.5804,-291.76],"r":[[0.950607,-0.151061,0.271157],[0.156083,0.987739,0.00308159],[-0.268298,0.0393936,0.96253]],"s":1.06203,"sphereCenter":[49.1761,107.86,84.0155],"sphereRadius":86.1812,"stabilizedPalmPosition":[10.3786,143.603,119.982],"t":[-95.9721,-1.86003,-82.8053],"timeVisible":0.208694}],"id":1010278,"interactionBox":{"center":[0,200,0],"size":[221.418,221.418,154.742]},"pointables":[{"direction":[0.179553,0.299502,-0.937048],"handId":100,"id":7,"length":25.5168,"stabilizedTipPosition":[19.1346,190.721,21.9223],"timeVisible":0,"tipPosition":[19.1346,190.721,21.9223],"tipVelocity":[-246.545,-87.5476,-345.094],"tool":false,"touchDistance":0.333333,"touchZone":"hovering"},{"direction":[-0.0718299,0.123447,-0.989748],"handId":100,"id":51,"length":56.372,"stabilizedTipPosition":[-31.6684,164.548,35.5925],"timeVisible":0.226085,"tipPosition":[-31.6684,164.548,35.5925],"tipVelocity":[-253.118,-75.693,-334.483],"tool":false,"touchDistance":0.333333,"touchZone":"hovering"},{"direction":[0.070981,0.171601,-0.982606],"handId":100,"id":19,"length":55.5923,"stabilizedTipPosition":[47.4449,191.149,44.2645],"timeVisible":0.017391,"tipPosition":[47.4449,191.149,44.2645],"tipVelocity":[-226.642,-104.766,-344.953],"tool":false,"touchDistance":0.333333,"touchZone":"hovering"},{"direction":[0.277659,0.327146,-0.903261],"handId":100,"id":24,"length":55.1989,"stabilizedTipPosition":[91.5741,181.229,84.8584],"timeVisible":0.29565,"tipPosition":[78.0136,178.271,66.9698],"tipVelocity":[-230.502,-74.3062,-355.403],"tool":false,"touchDistance":0.333333,"touchZone":"hovering"},{"direction":[-0.642837,0.524467,-0.558296],"handId":100,"id":97,"length":29.8596,"stabilizedTipPosition":[-67.0445,126.149,116.131],"timeVisible":0.104347,"tipPosition":[-71.5285,125.268,110.542],"tipVelocity":[-266.919,-60.0877,-282.244],"tool":false,"touchDistance":0.675703,"touchZone":"hovering"}],"r":[[0.0955432,-0.962705,0.253121],[-0.979782,-0.0460465,0.194699],[-0.175782,-0.266605,-0.94764]],"s":-89.3051,"t":[17759.8,-26253,12499.3],"timestamp":16737990207},

{"currentFrameRate":57.5009,"gestures":[],"hands":[{"direction":[-0.0385668,0.568064,-0.82208],"id":100,"palmNormal":[0.166853,-0.807481,-0.565804],"palmPosition":[6.28171,142.293,114.173],"palmVelocity":[-199.129,-63.5581,-286.812],"r":[[0.943898,-0.15883,0.289532],[0.163179,0.986553,0.00922367],[-0.287104,0.0385392,0.957124]],"s":1.06543,"sphereCenter":[44.5375,105.53,78.0807],"sphereRadius":87.2421,"stabilizedPalmPosition":[7.01619,142.528,115.215],"t":[-100.007,-3.27632,-88.2833],"timeVisible":0.226085}],"id":1010280,"interactionBox":{"center":[0,200,0],"size":[221.418,221.418,154.742]},"pointables":[{"direction":[0.174139,0.283815,-0.942934],"handId":100,"id":7,"length":27.4106,"stabilizedTipPosition":[18.4566,190.405,20.8682],"timeVisible":0.017391,"tipPosition":[15.5446,189.046,16.341],"tipVelocity":[-219.169,-87.8607,-335.087],"tool":false,"touchDistance":0.333333,"touchZone":"hovering"},{"direction":[-0.0743811,0.11568,-0.990498],"handId":100,"id":51,"length":55.2061,"stabilizedTipPosition":[-35.3788,162.943,30.2362],"timeVisible":0.243476,"tipPosition":[-35.3788,162.943,30.2362],"tipVelocity":[-225.003,-85.0585,-320.017],"tool":false,"touchDistance":0.333333,"touchZone":"hovering"},{"direction":[0.064458,0.168775,-0.983545],"handId":100,"id":19,"length":55.228,"stabilizedTipPosition":[42.3412,189.457,36.4567],"timeVisible":0.034782,"tipPosition":[42.2815,189.437,36.3653],"tipVelocity":[-196.992,-92.9735,-328.263],"tool":false,"touchDistance":0.333333,"touchZone":"hovering"},{"direction":[0.275136,0.323405,-0.905378],"handId":100,"id":24,"length":57.5922,"stabilizedTipPosition":[88.7193,180.466,80.8886],"timeVisible":0.313041,"tipPosition":[74.6202,176.7,61.2824],"tipVelocity":[-212.29,-80.9685,-319.359],"tool":false,"touchDistance":0.333333,"touchZone":"hovering"},{"direction":[-0.647765,0.516985,-0.559577],"handId":100,"id":97,"length":30.474,"stabilizedTipPosition":[-70.2025,125.451,112.188],"timeVisible":0.121738,"tipPosition":[-75.4319,124.296,105.659],"tipVelocity":[-247.706,-54.5836,-273.486],"tool":false,"touchDistance":0.594317,"touchZone":"hovering"}],"r":[[0.0932671,-0.964099,0.248627],[-0.980475,-0.0455164,0.191306],[-0.173121,-0.261615,-0.949519]],"s":-89.3017,"t":[17755.8,-26254.4,12493.8],"timestamp":16738007598},

{"currentFrameRate":57.4993,"gestures":[],"hands":[{"direction":[-0.0384996,0.565047,-0.82416],"id":100,"palmNormal":[0.162835,-0.810199,-0.563083],"palmPosition":[3.09949,141.205,109.279],"palmVelocity":[-182.97,-62.5574,-281.437],"r":[[0.938348,-0.164202,0.304204],[0.16779,0.985716,0.0145031],[-0.30224,0.0374333,0.952497]],"s":1.06781,"sphereCenter":[40.3011,102.843,72.2771],"sphereRadius":88.5491,"stabilizedPalmPosition":[3.95103,141.493,110.569],"t":[-103.626,-4.84118,-93.4638],"timeVisible":0.243477}],"id":1010282,"interactionBox":{"center":[0,200,0],"size":[221.418,221.418,154.742]},"pointables":[{"direction":[0.169046,0.268168,-0.948424],"handId":100,"id":7,"length":29.4265,"stabilizedTipPosition":[17.5353,189.92,19.4034],"timeVisible":0.034783,"tipPosition":[12.3222,187.176,11.114],"tipVelocity":[-198.6,-99.8773,-315.47],"tool":false,"touchDistance":0.333333,"touchZone":"hovering"},{"direction":[-0.076734,0.108076,-0.991177],"handId":100,"id":51,"length":57.196,"stabilizedTipPosition":[-38.702,161.389,25.2119],"timeVisible":0.260868,"tipPosition":[-38.702,161.389,25.2119],"tipVelocity":[-202.727,-80.8511,-302.575],"tool":false,"touchDistance":0.333333,"touchZone":"hovering"},{"direction":[0.0589365,0.165033,-0.984526],"handId":100,"id":19,"length":54.9388,"stabilizedTipPosition":[37.6411,187.552,28.9205],"timeVisible":0.052174,"tipPosition":[37.5172,187.502,28.7218],"tipVelocity":[-180.362,-109.838,-310.486],"tool":false,"touchDistance":0.333333,"touchZone":"hovering"},{"direction":[0.272434,0.318996,-0.907756],"handId":100,"id":24,"length":59.8985,"stabilizedTipPosition":[86.1527,179.646,77.1841],"timeVisible":0.330433,"tipPosition":[71.5394,174.977,56.0919],"tipVelocity":[-195.352,-89.1336,-293.522],"tool":false,"touchDistance":0.333333,"touchZone":"hovering"},{"direction":[-0.65189,0.508159,-0.562863],"handId":100,"id":97,"length":31.0098,"stabilizedTipPosition":[-72.9458,124.759,108.645],"timeVisible":0.13913,"tipPosition":[-78.9407,123.248,100.902],"tipVelocity":[-222.64,-57.2083,-273.689],"tool":false,"touchDistance":0.515032,"touchZone":"hovering"}],"r":[[0.0905887,-0.965256,0.245102],[-0.981191,-0.0443791,0.187871],[-0.170466,-0.257511,-0.95112]],"s":-89.2993,"t":[17752.1,-26256,12488.6],"timestamp":16738024990},

{"currentFrameRate":57.4999,"gestures":[],"hands":[{"direction":[-0.040833,0.562351,-0.82589],"id":100,"palmNormal":[0.165406,-0.81137,-0.560642],"palmPosition":[0.251967,140.085,104.607],"palmVelocity":[-163.735,-64.4165,-268.629],"r":[[0.933707,-0.168126,0.31611],[0.170909,0.985101,0.0191139],[-0.314614,0.0361791,0.94853]],"s":1.07013,"sphereCenter":[36.4756,99.9429,66.6114],"sphereRadius":90.0004,"stabilizedPalmPosition":[1.20378,140.447,106.141],"t":[-106.802,-6.30312,-98.3912],"timeVisible":0.260868}],"id":1010284,"interactionBox":{"center":[0,200,0],"size":[221.418,221.418,154.742]},"pointables":[{"direction":[0.164586,0.254794,-0.952886],"handId":100,"id":7,"length":31.593,"stabilizedTipPosition":[16.595,189.399,17.8531],"timeVisible":0.052174,"tipPosition":[9.49395,185.463,6.14687],"tipVelocity":[-176.174,-91.1883,-300.665],"tool":false,"touchDistance":0.333333,"touchZone":"hovering"},{"direction":[-0.0782936,0.100435,-0.991858],"handId":100,"id":51,"length":60.4811,"stabilizedTipPosition":[-41.6246,159.863,20.4591],"timeVisible":0.278259,"tipPosition":[-41.6246,159.863,20.4591],"tipVelocity":[-179.629,-79.6989,-288.002],"tool":false,"touchDistance":0.333333,"touchZone":"hovering"},{"direction":[0.0543308,0.160371,-0.98556],"handId":100,"id":19,"length":54.7649,"stabilizedTipPosition":[33.5912,185.581,22.1484],"timeVisible":0.069565,"tipPosition":[33.3861,185.481,21.8056],"tipVelocity":[-155.386,-110.042,-287.242],"tool":false,"touchDistance":0.333333,"touchZone":"hovering"},{"direction":[0.270745,0.31587,-0.909353],"handId":100,"id":24,"length":60.2784,"stabilizedTipPosition":[83.8679,178.816,73.7677],"timeVisible":0.347824,"tipPosition":[68.866,173.366,51.336],"tipVelocity":[-172.171,-81.4601,-272.554],"tool":false,"touchDistance":0.333333,"touchZone":"hovering"},{"direction":[-0.655446,0.497809,-0.567958],"handId":100,"id":97,"length":31.5163,"stabilizedTipPosition":[-75.3148,124.071,105.468],"timeVisible":0.156521,"tipPosition":[-82.0067,122.127,96.4934],"tipVelocity":[-195.742,-59.5854,-259.918],"tool":false,"touchDistance":0.441556,"touchZone":"hovering"}],"r":[[0.0880304,-0.966249,0.242102],[-0.981867,-0.0432047,0.184582],[-0.167893,-0.253961,-0.952531]],"s":-89.297,"t":[17749,-26257.4,12483.7],"timestamp":16738042381},

{"currentFrameRate":57.5001,"gestures":[],"hands":[{"direction":[-0.042541,0.558644,-0.828316],"id":100,"palmNormal":[0.161172,-0.81437,-0.557517],"palmPosition":[-2.30629,138.983,100.273],"palmVelocity":[-147.103,-63.3739,-249.213],"r":[[0.930025,-0.170513,0.325545],[0.172476,0.984744,0.02305],[-0.324509,0.0347117,0.945246]],"s":1.07219,"sphereCenter":[32.9635,96.9542,61.2244],"sphereRadius":91.4993,"stabilizedPalmPosition":[-1.25927,139.42,102.023],"t":[-109.573,-7.82897,-103.039],"timeVisible":0.278259}],"id":1010286,"interactionBox":{"center":[0,200,0],"size":[221.418,221.418,154.742]},"pointables":[{"direction":[0.160844,0.242437,-0.956741],"handId":100,"id":7,"length":33.8525,"stabilizedTipPosition":[15.7236,188.879,16.371],"timeVisible":0.069565,"tipPosition":[7.02396,183.688,1.5741],"tipVelocity":[-155.8,-94.8825,-279.11],"tool":false,"touchDistance":0.333333,"touchZone":"hovering"},{"direction":[0.0504377,0.154101,-0.986767],"handId":100,"id":19,"length":54.7529,"stabilizedTipPosition":[30.2999,183.72,16.3067],"timeVisible":0.086956,"tipPosition":[30.0127,183.557,15.7969],"tipVelocity":[-132.902,-98.8221,-270.744],"tool":false,"touchDistance":0.333333,"touchZone":"hovering"},{"direction":[-0.0797141,0.0935838,-0.992415],"handId":100,"id":51,"length":63.7629,"stabilizedTipPosition":[-44.1642,158.351,15.9601],"timeVisible":0.29565,"tipPosition":[-44.1642,158.351,15.9601],"tipVelocity":[-157.848,-79.8877,-273.783],"tool":false,"touchDistance":0.333333,"touchZone":"hovering"},{"direction":[0.269277,0.311937,-0.911145],"handId":100,"id":24,"length":60.459,"stabilizedTipPosition":[81.8299,177.982,70.6183],"timeVisible":0.365215,"tipPosition":[66.4741,171.694,46.8892],"tipVelocity":[-155.375,-86.1096,-258.826],"tool":false,"touchDistance":0.259219,"touchZone":"hovering"},{"direction":[-0.659082,0.488027,-0.572224],"handId":100,"id":97,"length":32.9907,"stabilizedTipPosition":[-77.452,123.389,102.535],"timeVisible":0.173912,"tipPosition":[-84.8833,121.016,92.3388],"tipVelocity":[-183.707,-57.9529,-249.096],"tool":false,"touchDistance":0.372313,"touchZone":"hovering"}],"r":[[0.0852305,-0.967052,0.239887],[-0.982547,-0.0416234,0.181298],[-0.165339,-0.251153,-0.953722]],"s":-89.2949,"t":[17746.2,-26259,12479.1],"timestamp":16738059772},

{"currentFrameRate":57.5009,"gestures":[],"hands":[{"direction":[-0.0449937,0.555596,-0.830234],"id":100,"palmNormal":[0.157838,-0.816683,-0.555082],"palmPosition":[-4.53747,137.779,96.2799],"palmVelocity":[-128.295,-69.2258,-229.602],"r":[[0.927153,-0.171917,0.332914],[0.173099,0.984552,0.0263517],[-0.332302,0.0331949,0.942589]],"s":1.07365,"sphereCenter":[29.8608,93.3562,55.9159],"sphereRadius":93.5103,"stabilizedPalmPosition":[-3.43789,138.329,98.2063],"t":[-111.965,-9.38586,-107.384],"timeVisible":0.29565}],"id":1010288,"interactionBox":{"center":[0,200,0],"size":[221.418,221.418,154.742]},"pointables":[{"direction":[0.157726,0.230157,-0.960287],"handId":100,"id":7,"length":36.2325,"stabilizedTipPosition":[14.9353,188.362,14.9874],"timeVisible":0.086956,"tipPosition":[4.89188,181.779,-2.63982],"tipVelocity":[-136.652,-101.977,-259.203],"tool":false,"touchDistance":0.333333,"touchZone":"hovering"},{"direction":[0.0475216,0.149961,-0.987549],"handId":100,"id":19,"length":54.7295,"stabilizedTipPosition":[27.6687,181.88,11.3488],"timeVisible":0.104347,"tipPosition":[27.3284,181.643,10.7076],"tipVelocity":[-115.593,-97.2404,-251.245],"tool":false,"touchDistance":0.333333,"touchZone":"hovering"},{"direction":[-0.0805547,0.0867719,-0.992966],"handId":100,"id":51,"length":66.3244,"stabilizedTipPosition":[-46.3457,156.865,11.7745],"timeVisible":0.313041,"tipPosition":[-46.3457,156.865,11.7745],"tipVelocity":[-137.592,-79.1494,-256.408],"tool":false,"touchDistance":0.333333,"touchZone":"hovering"},{"direction":[0.26852,0.308359,-0.912585],"handId":100,"id":24,"length":60.5356,"stabilizedTipPosition":[79.9615,177.127,67.6456],"timeVisible":0.382606,"tipPosition":[64.3771,170,42.8499],"tipVelocity":[-137.391,-88.3808,-235.369],"tool":false,"touchDistance":0.191898,"touchZone":"hovering"},{"direction":[-0.661899,0.477329,-0.577968],"handId":100,"id":97,"length":34.4226,"stabilizedTipPosition":[-79.3566,122.705,99.8103],"timeVisible":0.191303,"tipPosition":[-87.3532,119.832,88.3683],"tipVelocity":[-159.698,-61.4661,-240.71],"tool":false,"touchDistance":0.333333,"touchZone":"hovering"}],"r":[[0.0824983,-0.967666,0.238363],[-0.983179,-0.0399186,0.178227],[-0.162949,-0.249057,-0.954682]],"s":-89.2935,"t":[17743.8,-26260.5,12474.7],"timestamp":16738077163},

{"currentFrameRate":57.5012,"gestures":[],"hands":[{"direction":[-0.0484338,0.552808,-0.8319],"id":100,"palmNormal":[0.159595,-0.817894,-0.552792],"palmPosition":[-6.47257,136.593,92.5597],"palmVelocity":[-111.27,-68.1858,-213.913],"r":[[0.925133,-0.172079,0.338406],[0.172567,0.984574,0.0288923],[-0.338157,0.0316684,0.940557]],"s":1.07517,"sphereCenter":[26.9698,90.1749,50.9784],"sphereRadius":95.1286,"stabilizedPalmPosition":[-5.34089,137.241,94.6654],"t":[-113.942,-11.0039,-111.512],"timeVisible":0.313041}],"id":1010290,"interactionBox":{"center":[0,200,0],"size":[221.418,221.418,154.742]},"pointables":[{"direction":[0.155205,0.218373,-0.963444],"handId":100,"id":7,"length":38.7935,"stabilizedTipPosition":[14.2609,187.878,13.7497],"timeVisible":0.104347,"tipPosition":[3.15569,179.897,-6.63342],"tipVelocity":[-114.314,-99.8536,-245.79],"tool":false,"touchDistance":0.333333,"touchZone":"hovering"},{"direction":[0.045269,0.144341,-0.988492],"handId":100,"id":19,"length":54.823,"stabilizedTipPosition":[25.6656,180.058,7.06551],"timeVisible":0.121738,"tipPosition":[25.3067,179.732,6.29806],"tipVelocity":[-90.0857,-97.7661,-237.683],"tool":false,"touchDistance":0.333333,"touchZone":"hovering"},{"direction":[-0.0806898,0.0801277,-0.993513],"handId":100,"id":51,"length":68.6962,"stabilizedTipPosition":[-48.1687,155.495,7.78931],"timeVisible":0.330432,"tipPosition":[-48.1687,155.495,7.78931],"tipVelocity":[-117.376,-73.5885,-244.117],"tool":false,"touchDistance":0.333333,"touchZone":"hovering"},{"direction":[0.268279,0.304537,-0.913938],"handId":100,"id":24,"length":60.3847,"stabilizedTipPosition":[78.2526,176.247,64.8305],"timeVisible":0.399997,"tipPosition":[62.6255,168.201,39.0861],"tipVelocity":[-116.799,-95.8198,-221.323],"tool":false,"touchDistance":0.129168,"touchZone":"hovering"},{"direction":[-0.665117,0.468969,-0.581109],"handId":100,"id":97,"length":35.8663,"stabilizedTipPosition":[-81.0701,122.027,97.2641],"timeVisible":0.208694,"tipPosition":[-89.6249,118.644,84.5526],"tipVelocity":[-147.877,-61.7257,-232.921],"tool":false,"touchDistance":0.333333,"touchZone":"hovering"}],"r":[[0.0793968,-0.968081,0.237731],[-0.983796,-0.0376375,0.175299],[-0.160756,-0.247797,-0.955382]],"s":-89.292,"t":[17741.8,-26262.1,12470.6],"timestamp":16738094554},

{"currentFrameRate":57.4994,"gestures":[],"hands":[{"direction":[-0.0507577,0.549018,-0.834268],"id":100,"palmNormal":[0.156193,-0.820702,-0.549593],"palmPosition":[-8.1356,135.337,88.9471],"palmVelocity":[-95.6204,-72.2192,-207.719],"r":[[0.923982,-0.170979,0.342086],[0.170855,0.984817,0.0307413],[-0.342149,0.0300427,0.939165]],"s":1.07646,"sphereCenter":[24.3686,86.7616,46.248],"sphereRadius":96.9238,"stabilizedPalmPosition":[-6.98702,136.12,91.2972],"t":[-115.511,-12.65,-115.454],"timeVisible":0.330433}],"id":1010292,"interactionBox":{"center":[0,200,0],"size":[221.418,221.418,154.742]},"pointables":[{"direction":[0.153599,0.207367,-0.96613],"handId":100,"id":7,"length":41.3634,"stabilizedTipPosition":[13.7062,187.437,12.6662],"timeVisible":0.121739,"tipPosition":[1.88226,178.042,-10.4297],"tipVelocity":[-88.3833,-98.4414,-233.316],"tool":false,"touchDistance":0.333333,"touchZone":"hovering"},{"direction":[0.0439129,0.140207,-0.989148],"handId":100,"id":19,"length":54.8519,"stabilizedTipPosition":[24.2239,178.263,3.29332],"timeVisible":0.13913,"tipPosition":[23.8842,177.839,2.40463],"tipVelocity":[-64.3749,-97.4125,-223.497],"tool":false,"touchDistance":0.333333,"touchZone":"hovering"},{"direction":[-0.0807541,0.0747875,-0.993924],"handId":100,"id":51,"length":70.2204,"stabilizedTipPosition":[-49.6008,154.206,3.99488],"timeVisible":0.347824,"tipPosition":[-49.6008,154.206,3.99488],"tipVelocity":[-95.5779,-70.0215,-232.267],"tool":false,"touchDistance":0.333333,"touchZone":"hovering"},{"direction":[0.268489,0.300457,-0.915226],"handId":100,"id":24,"length":60.6677,"stabilizedTipPosition":[76.6742,175.328,62.1137],"timeVisible":0.417389,"tipPosition":[61.2471,166.338,35.5608],"tipVelocity":[-95.7062,-99.9942,-209.042],"tool":false,"touchDistance":0.0704134,"touchZone":"hovering"},{"direction":[-0.667694,0.460076,-0.585248],"handId":100,"id":97,"length":37.1782,"stabilizedTipPosition":[-82.5539,121.403,94.9532],"timeVisible":0.226086,"tipPosition":[-91.6629,117.569,80.766],"tipVelocity":[-134.458,-56.1353,-230.132],"tool":false,"touchDistance":0.333333,"touchZone":"hovering"}],"r":[[0.0757778,-0.968257,0.238194],[-0.984419,-0.0346333,0.172394],[-0.158672,-0.247547,-0.955795]],"s":-89.2907,"t":[17740.3,-26263.8,12466.6],"timestamp":16738111946},

