[{"currentFrameRate":50.7442,"gestures":[],"hands":[{"direction":[0.168513,0.927245,-0.334395],"id":61,"palmNormal":[0.125804,-0.356703,-0.925709],"palmPosition":[77.2188,207.095,199.626],"palmVelocity":[-290.907,20.4342,-140.028],"r":[[1,0,0],[0,1,0],[0,0,1]],"s":1,"sphereCenter":[119.416,226.248,156.156],"sphereRadius":68.9934,"stabilizedPalmPosition":[77.2189,207.095,199.626],"t":[0,0,0],"timeVisible":0.362822}],"id":941741,"interactionBox":{"center":[0,200,0],"size":[221.418,221.418,154.742]},"pointables":[{"direction":[0.112205,0.74121,-0.661829],"handId":61,"id":4,"length":76.6641,"stabilizedTipPosition":[45.4066,285.754,151.331],"timeVisible":0.277439,"tipPosition":[45.4061,285.754,151.331],"tipVelocity":[-410.24,4.99192,-159.16],"tool":false,"touchDistance":1,"touchZone":"none"},{"direction":[0.295797,0.703914,-0.645763],"handId":61,"id":32,"length":38.5677,"stabilizedTipPosition":[100.842,302.231,153.099],"timeVisible":0.242657,"tipPosition":[100.825,302.234,153.088],"tipVelocity":[-406.139,16.5368,-198.741],"tool":false,"touchDistance":1,"touchZone":"none"},{"direction":[0.472704,0.721537,-0.5059],"handId":61,"id":49,"length":48.3094,"stabilizedTipPosition":[119.653,294.454,162.965],"timeVisible":0.103527,"tipPosition":[119.653,294.454,162.965],"tipVelocity":[-381.071,4.21181,-188.199],"tool":false,"touchDistance":1,"touchZone":"none"},{"direction":[-0.518951,0.66187,-0.540941],"handId":61,"id":60,"length":49.6757,"stabilizedTipPosition":[-11.4993,197.382,182.083],"timeVisible":0.260048,"tipPosition":[-11.4993,197.382,182.083],"tipVelocity":[-370.597,-1.22176,-63.4648],"tool":false,"touchDistance":1,"touchZone":"none"},{"direction":[0.412018,0.745183,-0.52435],"handId":61,"id":18,"length":58.0023,"stabilizedTipPosition":[159.283,252.808,186.421],"timeVisible":0.173092,"tipPosition":[159.128,252.819,186.366],"tipVelocity":[-331.148,33.0449,-192.187],"tool":false,"touchDistance":0.413639,"touchZone":"hovering"}],"r":[[0.926197,-0.263962,-0.269226],[0.012362,0.73493,-0.678031],[0.376837,0.624662,0.683953]],"s":-73.7415,"t":[16967.1,-26097.5,11302],"timestamp":15674172759},

{"currentFrameRate":53.9794,"gestures":[],"hands":[{"direction":[0.169581,0.925947,-0.337438],"id":61,"palmNormal":[0.117486,-0.35895,-0.925933],"palmPosition":[72.9603,208.314,196.274],"palmVelocity":[-244.871,70.0728,-192.77],"r":[[0.999997,-0.00106232,0.00229378],[0.00106079,0.999999,0.000671048],[-0.00229449,-0.000668612,0.999997]],"s":0.999346,"sphereCenter":[111.618,226.666,152.175],"sphereRadius":69.1821,"stabilizedPalmPosition":[72.9874,208.306,196.295],"t":[-2.72715,-0.340962,-2.14475],"timeVisible":0}],"id":941743,"interactionBox":{"center":[0,200,0],"size":[221.418,221.418,154.742]},"pointables":[{"direction":[0.101305,0.74303,-0.661546],"handId":61,"id":4,"length":76.7996,"stabilizedTipPosition":[39.6577,285.742,147.792],"timeVisible":0.29483,"tipPosition":[39.5446,285.742,147.722],"tipVelocity":[-339.502,-3.36377,-196.9],"tool":false,"touchDistance":1,"touchZone":"none"},{"direction":[0.290701,0.704914,-0.646984],"handId":61,"id":32,"length":38.8155,"stabilizedTipPosition":[95.7377,303.208,148.349],"timeVisible":0.260048,"tipPosition":[95.3732,303.278,148.01],"tipVelocity":[-329.796,52.8321,-232.114],"tool":false,"touchDistance":1,"touchZone":"none"},{"direction":[0.46645,0.721637,-0.511531],"handId":61,"id":49,"length":49.5755,"stabilizedTipPosition":[114.204,294.699,157.657],"timeVisible":0.120918,"tipPosition":[114.204,294.699,157.657],"tipVelocity":[-341.363,-94.8323,-228.251],"tool":false,"touchDistance":1,"touchZone":"none"},{"direction":[-0.529568,0.651328,-0.543443],"handId":61,"id":60,"length":49.8651,"stabilizedTipPosition":[-16.1808,196.883,180.238],"timeVisible":0.277439,"tipPosition":[-16.1876,196.882,180.235],"tipVelocity":[-267.699,-61.8547,-90.8436],"tool":false,"touchDistance":1,"touchZone":"none"},{"direction":[0.407709,0.743851,-0.529584],"handId":61,"id":18,"length":58.2071,"stabilizedTipPosition":[152.436,253.335,181.743],"timeVisible":0.190483,"tipPosition":[151.33,253.42,180.987],"tipVelocity":[-334.187,-32.3684,-259.992],"tool":false,"touchDistance":1,"touchZone":"none"}],"r":[[0.930548,-0.261414,-0.256402],[0.0204367,0.736217,-0.676437],[0.365598,0.624218,0.690428]],"s":-73.7406,"t":[16959.4,-26097.7,11297.5],"timestamp":15674190150},

{"currentFrameRate":55.72,"gestures":[],"hands":[{"direction":[0.162531,0.925143,-0.343065],"id":61,"palmNormal":[0.108957,-0.362389,-0.925636],"palmPosition":[68.753,209.058,192.693],"palmVelocity":[-241.924,42.7886,-205.871],"r":[[0.999979,-0.0036218,0.00530221],[0.00360909,0.999991,0.00240514],[-0.00531087,-0.00238595,0.999983]],"s":0.998996,"sphereCenter":[105.013,225.813,146.887],"sphereRadius":70.3387,"stabilizedPalmPosition":[68.8121,209.047,192.744],"t":[-6.46705,-0.577679,-5.29433],"timeVisible":0.017391}],"id":941745,"interactionBox":{"center":[0,200,0],"size":[221.418,221.418,154.742]},"pointables":[{"direction":[0.287067,0.709446,-0.643646],"handId":61,"id":32,"length":38.8253,"stabilizedTipPosition":[91.1993,303.802,143.299],"timeVisible":0.277439,"tipPosition":[90.5463,303.887,142.572],"tipVelocity":[-298.073,11.8514,-276.947],"tool":false,"touchDistance":1,"touchZone":"none"},{"direction":[0.0913483,0.743332,-0.662656],"handId":61,"id":4,"length":77.3412,"stabilizedTipPosition":[34.7061,285.191,144.249],"timeVisible":0.312221,"tipPosition":[34.4746,285.165,144.083],"tipVelocity":[-303.831,-55.122,-198.065],"tool":false,"touchDistance":1,"touchZone":"none"},{"direction":[0.459427,0.720256,-0.519768],"handId":61,"id":49,"length":49.9166,"stabilizedTipPosition":[109.341,294.747,152.228],"timeVisible":0.138309,"tipPosition":[109.341,294.747,152.228],"tipVelocity":[-305.666,-37.8659,-244.444],"tool":false,"touchDistance":1,"touchZone":"none"},{"direction":[0.404874,0.743908,-0.531675],"handId":61,"id":18,"length":58.3609,"stabilizedTipPosition":[147.184,254.167,176.794],"timeVisible":0.207874,"tipPosition":[145.804,254.385,175.494],"tipVelocity":[-241.628,78.5724,-248.99],"tool":false,"touchDistance":1,"touchZone":"none"},{"direction":[-0.53917,0.641264,-0.545964],"handId":61,"id":60,"length":49.7836,"stabilizedTipPosition":[-20.6678,196.497,177.835],"timeVisible":0.29483,"tipPosition":[-20.703,196.494,177.816],"tipVelocity":[-270.521,-25.9423,-131.19],"tool":false,"touchDistance":1,"touchZone":"none"}],"r":[[0.934265,-0.25991,-0.244122],[0.0288928,0.73755,-0.674675],[0.355407,0.623272,0.696576]],"s":-73.7399,"t":[16953.2,-26097.8,11293.2],"timestamp":15674207541},

{"currentFrameRate":56.6127,"gestures":[],"hands":[{"direction":[0.153707,0.924658,-0.348399],"id":61,"palmNormal":[0.105649,-0.365947,-0.92462],"palmPosition":[64.6697,209.039,189.124],"palmVelocity":[-234.78,-1.06643,-205.21],"r":[[0.999955,-0.00396561,0.00865881],[0.00392529,0.999981,0.00466752],[-0.00867716,-0.00463332,0.999952]],"s":0.998636,"sphereCenter":[98.9359,224.837,141.877],"sphereRadius":71.4865,"stabilizedPalmPosition":[64.7743,209.039,189.216],"t":[-10.7276,-0.477806,-8.70767],"timeVisible":0.034783}],"id":941747,"interactionBox":{"center":[0,200,0],"size":[221.418,221.418,154.742]},"pointables":[{"direction":[0.282526,0.712736,-0.642017],"handId":61,"id":32,"length":39.4809,"stabilizedTipPosition":[86.8706,303.602,138.759],"timeVisible":0.294831,"tipPosition":[85.922,303.558,137.764],"tipVelocity":[-290.84,-63.8879,-224.828],"tool":false,"touchDistance":1,"touchZone":"none"},{"direction":[0.0814631,0.7428,-0.664539],"handId":61,"id":4,"length":78.419,"stabilizedTipPosition":[30.2397,284.874,140.394],"timeVisible":0.329613,"tipPosition":[29.8064,284.843,140.021],"tipVelocity":[-290.195,-9.13232,-221.867],"tool":false,"touchDistance":1,"touchZone":"none"},{"direction":[0.454343,0.720667,-0.523652],"handId":61,"id":49,"length":50.3234,"stabilizedTipPosition":[105.181,295.035,146.755],"timeVisible":0.155701,"tipPosition":[105.181,295.035,146.755],"tipVelocity":[-262.425,22.6423,-253.006],"tool":false,"touchDistance":1,"touchZone":"none"},{"direction":[0.402933,0.7446,-0.53218],"handId":61,"id":18,"length":58.4505,"stabilizedTipPosition":[142.533,254.501,171.884],"timeVisible":0.225266,"tipPosition":[140.842,254.622,170.098],"tipVelocity":[-276.492,-62.093,-232.26],"tool":false,"touchDistance":1,"touchZone":"none"},{"direction":[-0.548297,0.631903,-0.547785],"handId":61,"id":60,"length":49.9902,"stabilizedTipPosition":[-24.9874,196.356,175.392],"timeVisible":0.312222,"tipPosition":[-25.0718,196.353,175.344],"tipVelocity":[-267.564,4.02208,-130.506],"tool":false,"touchDistance":1,"touchZone":"none"}],"r":[[0.937503,-0.256865,-0.23475],[0.0343426,0.739622,-0.672146],[0.346277,0.622077,0.702219]],"s":-73.7395,"t":[16947.7,-26097.6,11289.2],"timestamp":15674224933},

{"currentFrameRate":57.062,"gestures":[],"hands":[{"direction":[0.144921,0.924595,-0.352308],"id":61,"palmNormal":[0.102846,-0.368215,-0.924035],"palmPosition":[60.9468,209.264,185.349],"palmVelocity":[-214.067,12.9265,-217.103],"r":[[0.999913,-0.00314147,0.0127947],[0.0030451,0.999967,0.00754426],[-0.012818,-0.00750465,0.99989]],"s":0.99869,"sphereCenter":[93.416,224.127,137.05],"sphereRadius":72.4206,"stabilizedPalmPosition":[61.1084,209.255,185.512],"t":[-14.9922,-0.379221,-12.3983],"timeVisible":0.052174}],"id":941749,"interactionBox":{"center":[0,200,0],"size":[221.418,221.418,154.742]},"pointables":[{"direction":[0.27628,0.710787,-0.646878],"handId":61,"id":32,"length":40.2216,"stabilizedTipPosition":[82.8411,302.856,134.625],"timeVisible":0.312222,"tipPosition":[81.5664,302.62,133.318],"tipVelocity":[-273.551,-87.2357,-214.018],"tool":false,"touchDistance":1,"touchZone":"none"},{"direction":[0.0721587,0.743155,-0.665217],"handId":61,"id":4,"length":79.052,"stabilizedTipPosition":[26.2359,284.501,136.488],"timeVisible":0.347004,"tipPosition":[25.526,284.435,135.796],"tipVelocity":[-269.568,-14.7696,-224.341],"tool":false,"touchDistance":1,"touchZone":"none"},{"direction":[0.448788,0.72067,-0.528416],"handId":61,"id":49,"length":50.5864,"stabilizedTipPosition":[101.654,295.648,141.41],"timeVisible":0.173092,"tipPosition":[101.654,295.648,141.41],"tipVelocity":[-232.754,55.6683,-251.914],"tool":false,"touchDistance":1,"touchZone":"none"},{"direction":[0.400369,0.743577,-0.535535],"handId":61,"id":18,"length":58.529,"stabilizedTipPosition":[138.73,254.709,167.054],"timeVisible":0.242657,"tipPosition":[136.724,254.819,164.506],"tipVelocity":[-245.617,-16.3144,-250.806],"tool":false,"touchDistance":1,"touchZone":"none"},{"direction":[-0.556882,0.625267,-0.546739],"handId":61,"id":60,"length":51.9996,"stabilizedTipPosition":[-29.6006,196.565,172.861],"timeVisible":0.329613,"tipPosition":[-29.7615,196.572,172.773],"tipVelocity":[-285.752,33.3888,-133.905],"tool":false,"touchDistance":1,"touchZone":"none"}],"r":[[0.940546,-0.25272,-0.22695],[0.0379977,0.742243,-0.669053],[0.337535,0.620651,0.707716]],"s":-73.7389,"t":[16942.8,-26097.5,11285.2],"timestamp":15674242324},

{"currentFrameRate":57.2848,"gestures":[],"hands":[{"direction":[0.137596,0.923946,-0.356918],"id":61,"palmNormal":[0.0955226,-0.371044,-0.923689],"palmPosition":[57.3942,209.413,181.508],"palmVelocity":[-204.278,8.57795,-220.863],"r":[[0.999828,-0.00380061,0.0181558],[0.00361745,0.999942,0.0101107],[-0.0181932,-0.0100433,0.999784]],"s":1.00181,"sphereCenter":[88.3562,222.231,130.445],"sphereRadius":74.7865,"stabilizedPalmPosition":[57.639,209.403,181.771],"t":[-18.9739,-0.370717,-16.1873],"timeVisible":0.069565}],"id":941751,"interactionBox":{"center":[0,200,0],"size":[221.418,221.418,154.742]},"pointables":[{"direction":[0.27112,0.713775,-0.645771],"handId":61,"id":32,"length":41.9666,"stabilizedTipPosition":[79.4704,303.138,130.347],"timeVisible":0.329613,"tipPosition":[77.8758,303.272,128.323],"tipVelocity":[-234.32,103.927,-268.609],"tool":false,"touchDistance":0.972051,"touchZone":"hovering"},{"direction":[0.0626373,0.742938,-0.666423],"handId":61,"id":4,"length":79.0853,"stabilizedTipPosition":[22.5882,284.485,132.636],"timeVisible":0.364395,"tipPosition":[21.5232,284.48,131.511],"tipVelocity":[-252.183,28.6691,-224.03],"tool":false,"touchDistance":1,"touchZone":"none"},{"direction":[0.42783,0.72397,-0.541136],"handId":61,"id":49,"length":50.4868,"stabilizedTipPosition":[98.197,295.899,136.405],"timeVisible":0.190483,"tipPosition":[98.197,295.899,136.405],"tipVelocity":[-228.983,12.7931,-239.138],"tool":false,"touchDistance":1,"touchZone":"none"},{"direction":[0.39812,0.742467,-0.538743],"handId":61,"id":18,"length":58.528,"stabilizedTipPosition":[135.57,254.837,162.398],"timeVisible":0.260048,"tipPosition":[133.078,254.938,158.725],"tipVelocity":[-227.884,-8.6654,-270.554],"tool":false,"touchDistance":1,"touchZone":"none"},{"direction":[-0.564868,0.61822,-0.54656],"handId":61,"id":60,"length":52.3847,"stabilizedTipPosition":[-33.2772,196.422,170.272],"timeVisible":0.347004,"tipPosition":[-33.5224,196.413,170.099],"tipVelocity":[-228.116,-15.9752,-139.068],"tool":false,"touchDistance":1,"touchZone":"none"}],"r":[[0.943544,-0.249097,-0.218348],[0.0421895,0.74417,-0.666657],[0.32855,0.619808,0.712666]],"s":-73.7354,"t":[16938.5,-26097.5,11281.3],"timestamp":15674259715},

{"currentFrameRate":57.3951,"gestures":[],"hands":[{"direction":[0.128807,0.922785,-0.363149],"id":61,"palmNormal":[0.0940848,-0.375919,-0.921864],"palmPosition":[54.2458,209.576,177.98],"palmVelocity":[-181.038,9.34885,-202.822],"r":[[0.999699,-0.00603102,0.023785],[0.00571544,0.999895,0.0133137],[-0.0238628,-0.0131738,0.999628]],"s":1.00508,"sphereCenter":[83.5222,222.146,126.781],"sphereRadius":74.7091,"stabilizedPalmPosition":[54.569,209.559,178.341],"t":[-22.9188,-0.399098,-20.1826],"timeVisible":0.086956}],"id":941753,"interactionBox":{"center":[0,200,0],"size":[221.418,221.418,154.742]},"pointables":[{"direction":[0.265365,0.714847,-0.646974],"handId":61,"id":32,"length":42.1578,"stabilizedTipPosition":[76.4731,303.516,126.248],"timeVisible":0.347004,"tipPosition":[74.1898,303.804,123.126],"tipVelocity":[-232.213,50.4271,-283.699],"tool":false,"touchDistance":0.885427,"touchZone":"hovering"},{"direction":[0.0531763,0.742387,-0.667857],"handId":61,"id":4,"length":79.6796,"stabilizedTipPosition":[19.2357,284.459,128.802],"timeVisible":0.381786,"tipPosition":[17.6878,284.447,127.032],"tipVelocity":[-239.063,9.45807,-231.059],"tool":false,"touchDistance":0.950539,"touchZone":"hovering"},{"direction":[0.423009,0.723778,-0.545169],"handId":61,"id":49,"length":51.7748,"stabilizedTipPosition":[94.6669,296.006,131.254],"timeVisible":0.207874,"tipPosition":[94.6669,296.006,131.254],"tipVelocity":[-228.121,4.69893,-257.702],"tool":false,"touchDistance":1,"touchZone":"none"},{"direction":[0.39575,0.741184,-0.542244],"handId":61,"id":18,"length":58.5064,"stabilizedTipPosition":[133.025,255.029,158.279],"timeVisible":0.277439,"tipPosition":[130.002,255.257,153.388],"tipVelocity":[-194.816,32.5539,-250.48],"tool":false,"touchDistance":1,"touchZone":"none"},{"direction":[-0.572298,0.612054,-0.545769],"handId":61,"id":60,"length":53.5616,"stabilizedTipPosition":[-36.4361,196.119,167.615],"timeVisible":0.364395,"tipPosition":[-36.8192,196.082,167.293],"tipVelocity":[-204.639,-27.9139,-147.86],"tool":false,"touchDistance":1,"touchZone":"none"}],"r":[[0.946233,-0.246614,-0.209345],[0.0474629,0.745989,-0.664265],[0.319986,0.618613,0.717584]],"s":-73.7318,"t":[16934.4,-26097.5,11277.2],"timestamp":15674277106},

{"currentFrameRate":57.4494,"gestures":[],"hands":[{"direction":[0.120578,0.921912,-0.368157],"id":61,"palmNormal":[0.0860684,-0.379175,-0.921314],"palmPosition":[50.932,209.699,173.863],"palmVelocity":[-190.55,7.06412,-236.757],"r":[[0.999573,-0.00723564,0.0283047],[0.00678763,0.999851,0.0158922],[-0.0284155,-0.0156933,0.999473]],"s":1.00585,"sphereCenter":[79.1708,221.768,122.614],"sphereRadius":75.0425,"stabilizedPalmPosition":[51.4152,209.68,174.458],"t":[-26.7273,-0.589709,-24.3537],"timeVisible":0.104347}],"id":941755,"interactionBox":{"center":[0,200,0],"size":[221.418,221.418,154.742]},"pointables":[{"direction":[0.259912,0.716136,-0.647761],"handId":61,"id":32,"length":43.7715,"stabilizedTipPosition":[73.6809,303.715,122.496],"timeVisible":0.364395,"tipPosition":[70.5442,303.939,118.282],"tipVelocity":[-225.673,-5.49235,-253.599],"tool":false,"touchDistance":0.804702,"touchZone":"hovering"},{"direction":[0.0436672,0.741328,-0.669721],"handId":61,"id":4,"length":79.7322,"stabilizedTipPosition":[16.2099,284.345,125.096],"timeVisible":0.399177,"tipPosition":[14.0355,284.264,122.432],"tipVelocity":[-224.792,-8.05436,-239.7],"tool":false,"touchDistance":0.873866,"touchZone":"hovering"},{"direction":[0.40427,0.723841,-0.559124],"handId":61,"id":49,"length":51.8749,"stabilizedTipPosition":[91.1663,295.814,126.839],"timeVisible":0.225265,"tipPosition":[91.1663,295.814,126.839],"tipVelocity":[-221.59,-15.0273,-221.458],"tool":false,"touchDistance":0.947324,"touchZone":"hovering"},{"direction":[0.394249,0.741536,-0.542856],"handId":61,"id":18,"length":58.5049,"stabilizedTipPosition":[130.94,255.336,154.57],"timeVisible":0.29483,"tipPosition":[127.166,255.892,147.852],"tipVelocity":[-185.263,61.0204,-273.943],"tool":false,"touchDistance":1,"touchZone":"none"},{"direction":[-0.579668,0.607377,-0.54321],"handId":61,"id":60,"length":53.7568,"stabilizedTipPosition":[-39.797,196.213,164.546],"timeVisible":0.381786,"tipPosition":[-40.4854,196.232,163.918],"tipVelocity":[-225.45,19.3904,-179.009],"tool":false,"touchDistance":1,"touchZone":"none"}],"r":[[0.948348,-0.24419,-0.202503],[0.0511061,0.747607,-0.662172],[0.313088,0.61762,0.721471]],"s":-73.7309,"t":[16930.5,-26097.7,11273],"timestamp":15674294497},

{"currentFrameRate":57.474,"gestures":[],"hands":[{"direction":[0.112813,0.920315,-0.374557],"id":61,"palmNormal":[0.0779268,-0.383998,-0.92004],"palmPosition":[48.2948,211.035,169.774],"palmVelocity":[-151.628,76.8206,-235.127],"r":[[0.999396,-0.00993793,0.0332997],[0.00931337,0.999779,0.0188585],[-0.0334797,-0.018537,0.999267]],"s":1.01024,"sphereCenter":[75.1218,221.864,118.447],"sphereRadius":75.1384,"stabilizedPalmPosition":[48.85,210.794,170.607],"t":[-30.1671,-0.716052,-28.5899],"timeVisible":0.121739}],"id":941757,"interactionBox":{"center":[0,200,0],"size":[221.418,221.418,154.742]},"pointables":[{"direction":[0.254915,0.718645,-0.646968],"handId":61,"id":32,"length":45.527,"stabilizedTipPosition":[71.3174,304.293,118.887],"timeVisible":0.381787,"tipPosition":[67.4812,305.231,113.029],"tipVelocity":[-187.29,141.776,-293.16],"tool":false,"touchDistance":0.71715,"touchZone":"hovering"},{"direction":[0.0345826,0.739874,-0.671856],"handId":61,"id":4,"length":80.2846,"stabilizedTipPosition":[13.4997,284.19,121.608],"timeVisible":0.416569,"tipPosition":[10.5901,284.023,117.864],"tipVelocity":[-210.488,-12.8391,-242.629],"tool":false,"touchDistance":0.797736,"touchZone":"hovering"},{"direction":[0.382033,0.727347,-0.570103],"handId":61,"id":49,"length":51.6159,"stabilizedTipPosition":[87.8457,295.844,121.93],"timeVisible":0.242657,"tipPosition":[87.8457,295.844,121.93],"tipVelocity":[-209.606,6.80473,-260.46],"tool":false,"touchDistance":0.865495,"touchZone":"hovering"},{"direction":[0.392402,0.740779,-0.545223],"handId":61,"id":18,"length":58.426,"stabilizedTipPosition":[129.078,255.631,151.236],"timeVisible":0.312222,"tipPosition":[124.401,256.37,142.868],"tipVelocity":[-181.683,27.4947,-250.794],"tool":false,"touchDistance":1,"touchZone":"none"},{"direction":[-0.586485,0.600354,-0.5437],"handId":61,"id":60,"length":55.1604,"stabilizedTipPosition":[-42.6876,196.05,161.565],"timeVisible":0.399178,"tipPosition":[-43.6327,195.997,160.591],"tipVelocity":[-195.109,-18.5445,-171.053],"tool":false,"touchDistance":1,"touchZone":"none"}],"r":[[0.950339,-0.242662,-0.194861],[0.0558851,0.749011,-0.660197],[0.306157,0.616521,0.725376]],"s":-73.7264,"t":[16927,-26097.8,11268.7],"timestamp":15674311889},

{"currentFrameRate":57.4875,"gestures":[],"hands":[{"direction":[0.103789,0.918795,-0.380846],"id":61,"palmNormal":[0.077201,-0.389201,-0.917912],"palmPosition":[45.658,211.164,166.099],"palmVelocity":[-151.624,7.42949,-211.306],"r":[[0.999247,-0.0113092,0.037123],[0.0105165,0.999714,0.0214793],[-0.0373553,-0.0210727,0.99908]],"s":1.01196,"sphereCenter":[71.4505,221.7,114.242],"sphereRadius":75.4163,"stabilizedPalmPosition":[46.3846,211.08,167.125],"t":[-33.3794,-0.689245,-32.7174],"timeVisible":0.13913}],"id":941759,"interactionBox":{"center":[0,200,0],"size":[221.418,221.418,154.742]},"pointables":[{"direction":[0.249659,0.718224,-0.64948],"handId":61,"id":32,"length":47.1451,"stabilizedTipPosition":[68.8913,304.388,115.482],"timeVisible":0.399178,"tipPosition":[63.9776,304.58,108.586],"tipVelocity":[-214.1,-145.779,-223.871],"tool":false,"touchDistance":0.643102,"touchZone":"hovering"},{"direction":[0.0262974,0.740175,-0.6719],"handId":61,"id":4,"length":80.7697,"stabilizedTipPosition":[11.1715,284.244,118.393],"timeVisible":0.43396,"tipPosition":[7.41844,284.331,113.211],"tipVelocity":[-193.845,34.3697,-249.62],"tool":false,"touchDistance":0.720183,"touchZone":"hovering"},{"direction":[0.358146,0.72993,-0.58218],"handId":61,"id":49,"length":51.1644,"stabilizedTipPosition":[84.8865,296.234,117.216],"timeVisible":0.260048,"tipPosition":[84.8865,296.234,117.216],"tipVelocity":[-190.583,31.7766,-253.703],"tool":false,"touchDistance":0.786929,"touchZone":"hovering"},{"direction":[0.390558,0.740296,-0.547199],"handId":61,"id":18,"length":58.4541,"stabilizedTipPosition":[127.499,255.871,148.414],"timeVisible":0.329613,"tipPosition":[121.776,256.744,138.182],"tipVelocity":[-172.679,15.1519,-244.03],"tool":false,"touchDistance":1,"touchZone":"none"},{"direction":[-0.592877,0.592879,-0.544969],"handId":61,"id":60,"length":55.2407,"stabilizedTipPosition":[-45.5239,195.933,158.483],"timeVisible":0.416569,"tipPosition":[-46.9433,195.875,156.94],"tipVelocity":[-202.612,-6.99937,-188.604],"tool":false,"touchDistance":1,"touchZone":"none"}],"r":[[0.951876,-0.240962,-0.189392],[0.0590152,0.750492,-0.658239],[0.300748,0.615385,0.728596]],"s":-73.7246,"t":[16923.8,-26097.8,11264.6],"timestamp":15674329280},

{"currentFrameRate":57.4941,"gestures":[],"hands":[{"direction":[0.0950674,0.917271,-0.38675],"id":61,"palmNormal":[0.0759344,-0.39406,-0.915943],"palmPosition":[43.2369,211.468,162.194],"palmVelocity":[-139.214,17.4637,-224.53],"r":[[0.999052,-0.0126737,0.0416391],[0.0116702,0.999638,0.024255],[-0.0419314,-0.0237461,0.998838]],"s":1.01278,"sphereCenter":[67.9367,221.053,109.294],"sphereRadius":76.2417,"stabilizedPalmPosition":[44.1246,211.358,163.585],"t":[-36.3864,-1.01109,-37.036],"timeVisible":0.156521}],"id":941761,"interactionBox":{"center":[0,200,0],"size":[221.418,221.418,154.742]},"pointables":[{"direction":[0.244619,0.718741,-0.650825],"handId":61,"id":32,"length":48.5281,"stabilizedTipPosition":[66.7533,304.355,112.488],"timeVisible":0.416569,"tipPosition":[60.9597,304.265,104.375],"tipVelocity":[-182.103,-26.3264,-223.661],"tool":false,"touchDistance":0.572918,"touchZone":"hovering"},{"direction":[0.0184125,0.739771,-0.672607],"handId":61,"id":4,"length":81.063,"stabilizedTipPosition":[9.18427,284.257,115.451],"timeVisible":0.451351,"tipPosition":[4.48502,284.287,108.494],"tipVelocity":[-180.119,-2.56203,-253.166],"tool":false,"touchDistance":0.641571,"touchZone":"hovering"},{"direction":[0.332789,0.731558,-0.595041],"handId":61,"id":49,"length":51.3914,"stabilizedTipPosition":[82.0196,296.121,112.361],"timeVisible":0.277439,"tipPosition":[82.0196,296.121,112.361],"tipVelocity":[-183.431,-6.59097,-265.966],"tool":false,"touchDistance":0.706017,"touchZone":"hovering"},{"direction":[0.388125,0.738098,-0.551879],"handId":61,"id":18,"length":58.3559,"stabilizedTipPosition":[126.104,256.012,145.938],"timeVisible":0.347004,"tipPosition":[119.098,256.721,133.5],"tipVelocity":[-172.946,-22.1907,-251.831],"tool":false,"touchDistance":1,"touchZone":"none"},{"direction":[-0.598702,0.586899,-0.545074],"handId":61,"id":60,"length":55.6627,"stabilizedTipPosition":[-47.7618,195.77,155.589],"timeVisible":0.43396,"tipPosition":[-49.5027,195.642,153.337],"tipVelocity":[-159.904,-14.4144,-182.047],"tool":false,"touchDistance":1,"touchZone":"none"}],"r":[[0.953499,-0.238878,-0.183785],[0.0619219,0.752033,-0.656211],[0.294967,0.614316,0.731854]],"s":-73.7237,"t":[16920.8,-26098.1,11260.3],"timestamp":15674346671},

{"currentFrameRate":57.4979,"gestures":[],"hands":[{"direction":[0.0873554,0.914653,-0.394688],"id":61,"palmNormal":[0.0685533,-0.400783,-0.913605],"palmPosition":[41.0117,211.401,158.339],"palmVelocity":[-127.952,-3.83938,-221.638],"r":[[0.998862,-0.0137983,0.0456452],[0.0125701,0.999554,0.0270857],[-0.0459985,-0.0264811,0.99859]],"s":1.01317,"sphereCenter":[64.7769,220.148,104.239],"sphereRadius":77.1418,"stabilizedPalmPosition":[42.0242,211.387,160.045],"t":[-39.1313,-1.30535,-41.674],"timeVisible":0.173912}],"id":941763,"interactionBox":{"center":[0,200,0],"size":[221.418,221.418,154.742]},"pointables":[{"direction":[0.239398,0.71658,-0.655135],"handId":61,"id":32,"length":50.1024,"stabilizedTipPosition":[64.79,304.141,109.632],"timeVisible":0.43396,"tipPosition":[58.1085,303.412,99.9098],"tipVelocity":[-172.53,-76.7981,-249.679],"tool":false,"touchDistance":0.498496,"touchZone":"hovering"},{"direction":[0.0109354,0.736897,-0.675916],"handId":61,"id":4,"length":80.4722,"stabilizedTipPosition":[7.48007,284.167,112.696],"timeVisible":0.468742,"tipPosition":[1.82163,283.867,103.55],"tipVelocity":[-164.556,-30.0845,-266.262],"tool":false,"touchDistance":0.559159,"touchZone":"hovering"},{"direction":[0.307245,0.733184,-0.606664],"handId":61,"id":49,"length":52.0859,"stabilizedTipPosition":[79.5502,295.991,107.393],"timeVisible":0.29483,"tipPosition":[79.5502,295.991,107.393],"tipVelocity":[-162.969,-5.19391,-274.349],"tool":false,"touchDistance":0.623209,"touchZone":"hovering"},{"direction":[0.38583,0.736634,-0.555433],"handId":61,"id":18,"length":58.1141,"stabilizedTipPosition":[124.887,256.09,143.706],"timeVisible":0.364395,"tipPosition":[116.709,256.609,128.719],"tipVelocity":[-156.041,-19.1319,-262.446],"tool":false,"touchDistance":0.978643,"touchZone":"hovering"},{"direction":[-0.604274,0.580446,-0.545835],"handId":61,"id":60,"length":55.8386,"stabilizedTipPosition":[-49.7253,195.594,152.706],"timeVisible":0.451351,"tipPosition":[-52.0082,195.389,149.354],"tipVelocity":[-156.854,-14.7235,-204.827],"tool":false,"touchDistance":1,"touchZone":"none"}],"r":[[0.954883,-0.236985,-0.178988],[0.0644252,0.753635,-0.654129],[0.28991,0.613085,0.734901]],"s":-73.7233,"t":[16918.1,-26098.4,11255.6],"timestamp":15674364062},

{"currentFrameRate":57.4998,"gestures":[],"hands":[{"direction":[0.0802685,0.912289,-0.401604],"id":61,"palmNormal":[0.0624797,-0.406717,-0.911415],"palmPosition":[38.8096,209.983,154.679],"palmVelocity":[-126.621,-81.5437,-210.498],"r":[[0.998731,-0.0131193,0.0486259],[0.0116961,0.999498,0.0294377],[-0.0489877,-0.0288316,0.998383]],"s":1.0135,"sphereCenter":[61.832,218.431,98.7665],"sphereRadius":78.5728,"stabilizedPalmPosition":[39.9504,210.481,156.583],"t":[-41.6565,-1.81169,-46.0133],"timeVisible":0.191303}],"id":941765,"interactionBox":{"center":[0,200,0],"size":[221.418,221.418,154.742]},"pointables":[{"direction":[0.234532,0.713608,-0.66012],"handId":61,"id":32,"length":51.3983,"stabilizedTipPosition":[63.001,303.832,106.867],"timeVisible":0.451351,"tipPosition":[55.7194,302.574,95.6127],"tipVelocity":[-148.861,-53.8143,-242.559],"tool":false,"touchDistance":0.426878,"touchZone":"hovering"},{"direction":[0.0041034,0.734111,-0.679018],"handId":61,"id":4,"length":80.3648,"stabilizedTipPosition":[6.10263,284.038,110.234],"timeVisible":0.486133,"tipPosition":[-0.499827,283.425,98.4296],"tipVelocity":[-145.207,-24.4511,-274.048],"tool":false,"touchDistance":0.473826,"touchZone":"hovering"},{"direction":[0.277604,0.73134,-0.622959],"handId":61,"id":49,"length":51.2455,"stabilizedTipPosition":[77.2458,295.064,102.672],"timeVisible":0.312221,"tipPosition":[77.2458,295.064,102.672],"tipVelocity":[-152.011,-63.0477,-259.736],"tool":false,"touchDistance":0.544537,"touchZone":"hovering"},{"direction":[0.383804,0.735259,-0.558649],"handId":61,"id":18,"length":58.0041,"stabilizedTipPosition":[123.721,256.069,141.547],"timeVisible":0.381786,"tipPosition":[114.346,255.901,124.182],"tipVelocity":[-152.545,-61.8222,-253.022],"tool":false,"touchDistance":0.903031,"touchZone":"hovering"},{"direction":[-0.609697,0.574667,-0.545919],"handId":61,"id":60,"length":54.9232,"stabilizedTipPosition":[-51.4888,195.36,149.866],"timeVisible":0.468742,"tipPosition":[-54.3807,194.977,145.21],"tipVelocity":[-149.068,-23.8641,-211.382],"tool":false,"touchDistance":1,"touchZone":"none"}],"r":[[0.955997,-0.234444,-0.17637],[0.0649516,0.755386,-0.652053],[0.286098,0.611905,0.737374]],"s":-73.7229,"t":[16915.5,-26098.9,11251.3],"timestamp":15674381453},

{"currentFrameRate":57.4987,"gestures":[],"hands":[{"direction":[0.0729131,0.909666,-0.40889],"id":61,"palmNormal":[0.056906,-0.413108,-0.908902],"palmPosition":[36.5281,209.106,149.978],"palmVelocity":[-131.184,-50.3954,-270.264],"r":[[0.998552,-0.0125498,0.0523088],[0.0109003,0.999438,0.0317011],[-0.0526772,-0.031085,0.998128]],"s":1.01336,"sphereCenter":[59.0281,214.784,90.7585],"sphereRadius":82.3948,"stabilizedPalmPosition":[37.8946,209.655,152.616],"t":[-43.839,-2.44914,-50.5977],"timeVisible":0.208695}],"id":941767,"interactionBox":{"center":[0,200,0],"size":[221.418,221.418,154.742]},"pointables":[{"direction":[0.230188,0.709989,-0.665529],"handId":61,"id":32,"length":52.7824,"stabilizedTipPosition":[61.5102,303.437,104.384],"timeVisible":0.468743,"tipPosition":[53.5553,301.331,91.1353],"tipVelocity":[-137.61,-85.6244,-255.143],"tool":false,"touchDistance":0.352255,"touchZone":"hovering"},{"direction":[-0.00234112,0.729501,-0.683976],"handId":61,"id":4,"length":80.275,"stabilizedTipPosition":[4.97134,283.822,108.04],"timeVisible":0.503525,"tipPosition":[-2.52348,282.386,93.5095],"tipVelocity":[-127.677,-64.9094,-264.027],"tool":false,"touchDistance":0.391825,"touchZone":"hovering"},{"direction":[0.252332,0.732546,-0.632223],"handId":61,"id":49,"length":52.7368,"stabilizedTipPosition":[75.3244,294.129,97.8904],"timeVisible":0.329613,"tipPosition":[75.3244,294.129,97.8904],"tipVelocity":[-129.515,-54.7091,-267.06],"tool":false,"touchDistance":0.464841,"touchZone":"hovering"},{"direction":[0.382306,0.73331,-0.562227],"handId":61,"id":18,"length":58.1923,"stabilizedTipPosition":[122.836,256.007,139.773],"timeVisible":0.399178,"tipPosition":[112.442,255.282,118.922],"tipVelocity":[-129.43,-41.5526,-293.377],"tool":false,"touchDistance":0.815362,"touchZone":"hovering"},{"direction":[-0.614846,0.568852,-0.546234],"handId":61,"id":60,"length":55.0146,"stabilizedTipPosition":[-53.0761,195.101,147.131],"timeVisible":0.486134,"tipPosition":[-56.7864,194.496,140.737],"tipVelocity":[-151.257,-26.2698,-226.713],"tool":false,"touchDistance":1,"touchZone":"none"}],"r":[[0.957248,-0.231569,-0.173355],[0.0654061,0.757038,-0.650088],[0.281777,0.610957,0.73982]],"s":-73.723,"t":[16913.3,-26099.5,11246.7],"timestamp":15674398845},

{"currentFrameRate":57.4996,"gestures":[],"hands":[{"direction":[0.0656115,0.907546,-0.414795],"id":61,"palmNormal":[0.0583866,-0.41847,-0.906352],"palmPosition":[34.7185,208.266,145.721],"palmVelocity":[-104.05,-48.3031,-244.792],"r":[[0.998366,-0.0112806,0.0560255],[0.00938139,0.999376,0.034047],[-0.0563746,-0.0334658,0.997849]],"s":1.01585,"sphereCenter":[56.3694,214.717,87.4068],"sphereRadius":81.6521,"stabilizedPalmPosition":[36.1191,208.879,148.761],"t":[-45.7884,-2.76323,-55.4251],"timeVisible":0.226086}],"id":941769,"interactionBox":{"center":[0,200,0],"size":[221.418,221.418,154.742]},"pointables":[{"direction":[0.226657,0.70871,-0.668099],"handId":61,"id":32,"length":52.7007,"stabilizedTipPosition":[60.4443,303.103,102.349],"timeVisible":0.486134,"tipPosition":[51.833,300.401,85.9105],"tipVelocity":[-115.138,-36.7331,-298.728],"tool":false,"touchDistance":0.265176,"touchZone":"hovering"},{"direction":[-0.00817103,0.72638,-0.687245],"handId":61,"id":4,"length":79.5474,"stabilizedTipPosition":[4.09703,283.638,106.202],"timeVisible":0.520916,"tipPosition":[-4.33985,281.867,88.4602],"tipVelocity":[-115.342,-22.3458,-274.466],"tool":false,"touchDistance":0.30767,"touchZone":"hovering"},{"direction":[0.227915,0.729528,-0.644859],"handId":61,"id":49,"length":52.8049,"stabilizedTipPosition":[73.7341,293.497,92.9399],"timeVisible":0.347004,"tipPosition":[73.7341,293.497,92.9399],"tipVelocity":[-109.907,-27.2321,-278.663],"tool":false,"touchDistance":0.382332,"touchZone":"hovering"},{"direction":[0.381587,0.73155,-0.565001],"handId":61,"id":18,"length":58.2832,"stabilizedTipPosition":[122.121,255.909,138.238],"timeVisible":0.416569,"tipPosition":[110.665,254.341,113.675],"tipVelocity":[-121.116,-61.0632,-292.567],"tool":false,"touchDistance":0.727921,"touchZone":"hovering"},{"direction":[-0.619736,0.563121,-0.546646],"handId":61,"id":60,"length":54.074,"stabilizedTipPosition":[-54.4082,194.823,144.678],"timeVisible":0.503525,"tipPosition":[-59.0204,193.861,136.186],"tipVelocity":[-139.435,-34.6438,-227.947],"tool":false,"touchDistance":1,"touchZone":"none"}],"r":[[0.958498,-0.228176,-0.170932],[0.0651148,0.758909,-0.647933],[0.277565,0.609912,0.74227]],"s":-73.7205,"t":[16911.4,-26099.9,11241.9],"timestamp":15674416236},

{"currentFrameRate":57.5,"gestures":[],"hands":[{"direction":[0.0597745,0.904259,-0.422779],"id":61,"palmNormal":[0.0524675,-0.425797,-0.903296],"palmPosition":[32.8321,207.42,140.826],"palmVelocity":[-108.472,-48.6344,-281.496],"r":[[0.99815,-0.0101167,0.0599485],[0.00790997,0.999286,0.0369347],[-0.0602794,-0.0363922,0.997518]],"s":1.01964,"sphereCenter":[53.9211,213.731,82.7344],"sphereRadius":81.9538,"stabilizedPalmPosition":[34.4714,208.148,144.783],"t":[-47.6092,-3.42237,-60.1194],"timeVisible":0.243477}],"id":941771,"interactionBox":{"center":[0,200,0],"size":[221.418,221.418,154.742]},"pointables":[{"direction":[0.223321,0.706636,-0.671411],"handId":61,"id":32,"length":54.2292,"stabilizedTipPosition":[59.6357,302.83,100.571],"timeVisible":0.503525,"tipPosition":[50.3893,299.711,80.244],"tipVelocity":[-100.425,-10.571,-321.262],"tool":false,"touchDistance":0.170733,"touchZone":"hovering"},{"direction":[-0.01345,0.722292,-0.691457],"handId":61,"id":4,"length":79.3774,"stabilizedTipPosition":[3.42324,283.459,104.694],"timeVisible":0.538307,"tipPosition":[-6.02922,280.946,83.5428],"tipVelocity":[-107.969,-52.4161,-270.06],"tool":false,"touchDistance":0.225713,"touchZone":"hovering"},{"direction":[0.210068,0.731151,-0.649068],"handId":61,"id":49,"length":52.8971,"stabilizedTipPosition":[72.2869,292.789,87.6948],"timeVisible":0.364395,"tipPosition":[72.2869,292.789,87.6948],"tipVelocity":[-99.6606,-34.6997,-296.004],"tool":false,"touchDistance":0.294913,"touchZone":"hovering"},{"direction":[0.380623,0.728958,-0.568987],"handId":61,"id":18,"length":58.3106,"stabilizedTipPosition":[121.508,255.783,136.859],"timeVisible":0.43396,"tipPosition":[108.983,253.207,108.682],"tipVelocity":[-113.955,-69.2487,-279.762],"tool":false,"touchDistance":0.644695,"touchZone":"hovering"},{"direction":[-0.624301,0.556293,-0.548439],"handId":61,"id":60,"length":54.1566,"stabilizedTipPosition":[-55.5429,194.528,142.5],"timeVisible":0.520916,"tipPosition":[-61.103,193.082,131.827],"tipVelocity":[-128.181,-43.3787,-220.366],"tool":false,"touchDistance":1,"touchZone":"none"}],"r":[[0.959755,-0.224746,-0.168404],[0.0649731,0.76107,-0.645408],[0.27322,0.608492,0.745043]],"s":-73.7167,"t":[16909.6,-26100.5,11237.2],"timestamp":15674433627},

{"currentFrameRate":57.5008,"gestures":[],"hands":[{"direction":[0.0540067,0.901399,-0.429608],"id":61,"palmNormal":[0.0539415,-0.432241,-0.900143],"palmPosition":[31.1275,206.632,136.062],"palmVelocity":[-98.0161,-45.3619,-273.933],"r":[[0.997926,-0.00866164,0.063779],[0.0061315,0.99919,0.0397599],[-0.0640718,-0.0392864,0.997172]],"s":1.0221,"sphereCenter":[51.604,212.558,77.8478],"sphereRadius":82.3642,"stabilizedPalmPosition":[33.1518,207.549,141.341],"t":[-49.3996,-4.54136,-65.0938],"timeVisible":0.260868}],"id":941773,"interactionBox":{"center":[0,200,0],"size":[221.418,221.418,154.742]},"pointables":[{"direction":[0.219887,0.703259,-0.676074],"handId":61,"id":32,"length":54.724,"stabilizedTipPosition":[58.9503,302.56,98.935],"timeVisible":0.520916,"tipPosition":[48.9282,298.614,75.0086],"tipVelocity":[-100.716,-72.2787,-285.664],"tool":false,"touchDistance":0.0834774,"touchZone":"hovering"},{"direction":[-0.0182456,0.717834,-0.695975],"handId":61,"id":4,"length":78.7286,"stabilizedTipPosition":[2.90465,283.285,103.458],"timeVisible":0.555698,"tipPosition":[-7.66172,279.743,78.2796],"tipVelocity":[-104.633,-69.6902,-289.208],"tool":false,"touchDistance":0.137994,"touchZone":"hovering"},{"direction":[0.193459,0.727019,-0.658799],"handId":61,"id":49,"length":52.8968,"stabilizedTipPosition":[70.7611,291.659,82.402],"timeVisible":0.381786,"tipPosition":[70.7611,291.659,82.402],"tipVelocity":[-101.457,-65.1044,-298.12],"tool":false,"touchDistance":0.2067,"touchZone":"hovering"},{"direction":[0.38005,0.726121,-0.572983],"handId":61,"id":18,"length":58.2294,"stabilizedTipPosition":[120.997,255.647,135.647],"timeVisible":0.451351,"tipPosition":[107.402,252.019,103.403],"tipVelocity":[-106.851,-65.6536,-296.187],"tool":false,"touchDistance":0.556711,"touchZone":"hovering"},{"direction":[-0.628699,0.550458,-0.549303],"handId":61,"id":60,"length":54.6009,"stabilizedTipPosition":[-56.5492,194.23,140.541],"timeVisible":0.538307,"tipPosition":[-63.2649,192.241,127.467],"tipVelocity":[-131.672,-47.1237,-226.227],"tool":false,"touchDistance":0.957788,"touchZone":"hovering"}],"r":[[0.960964,-0.221171,-0.166229],[0.0644619,0.763254,-0.642874],[0.269061,0.607063,0.747717]],"s":-73.7142,"t":[16907.8,-26101.6,11232.2],"timestamp":15674451018},

