[{"currentFrameRate":57.5007,"gestures":[],"hands":[{"direction":[0.0291015,0.327679,-0.944341],"id":56,"palmNormal":[0.167167,-0.933031,-0.318604],"palmPosition":[-51.5052,125.804,110.189],"palmVelocity":[-292.947,13.1632,-376.824],"r":[[0.988856,0.143895,0.0381726],[-0.144744,0.989257,0.0204879],[-0.0348144,-0.0257849,0.999061]],"s":1.06909,"sphereCenter":[-12.7931,58.5656,74.4125],"sphereRadius":101.305,"stabilizedPalmPosition":[-51.445,125.802,110.266],"t":[-58.0225,-13.933,-66.4132],"timeVisible":0.139129}],"id":992771,"interactionBox":{"center":[0,200,0],"size":[221.418,221.418,154.742]},"pointables":[{"direction":[-0.18117,0.178951,-0.967034],"handId":56,"id":78,"length":57.8113,"stabilizedTipPosition":[-45.8084,156.251,9.60968],"timeVisible":0.173912,"tipPosition":[-45.8084,156.251,9.60968],"tipVelocity":[-272.334,-132.049,-476.744],"tool":false,"touchDistance":0.333333,"touchZone":"hovering"},{"direction":[-0.15731,0.0234238,-0.987271],"handId":56,"id":5,"length":69.9945,"stabilizedTipPosition":[-64.4535,145.233,10.5922],"timeVisible":0.052173,"tipPosition":[-64.7781,145.124,10.0632],"tipVelocity":[-281.974,-132.812,-481.095],"tool":false,"touchDistance":0.333333,"touchZone":"hovering"},{"direction":[-0.0129877,0.323585,-0.94611],"handId":56,"id":43,"length":67.9448,"stabilizedTipPosition":[1.19281,149.159,34.7746],"timeVisible":0.243477,"tipPosition":[-0.153467,148.169,32.3063],"tipVelocity":[-263.446,-137.74,-483.817],"tool":false,"touchDistance":0.333333,"touchZone":"hovering"},{"direction":[-0.33898,-0.0309125,-0.940286],"handId":56,"id":10,"length":65.1914,"stabilizedTipPosition":[-116.407,131.087,37.2736],"timeVisible":0.208694,"tipPosition":[-117.134,131.165,36.1668],"tipVelocity":[-315.416,29.1713,-450.145],"tool":false,"touchDistance":0.333333,"touchZone":"hovering"},{"direction":[-0.964928,-0.0187431,-0.261846],"handId":56,"id":85,"length":43.8145,"stabilizedTipPosition":[0,0,0],"timeVisible":0,"tipPosition":[-125.781,101.853,132.999],"tipVelocity":[-353.525,173.382,-284.13],"tool":false,"touchDistance":0.0166667,"touchZone":"none"}],"r":[[-0.128413,-0.211768,0.968847],[-0.910834,-0.361256,-0.199687],[0.392289,-0.908102,-0.146496]],"s":-105.404,"t":[-3496.63,-23249.7,14177.4],"timestamp":15714645593},

{"currentFrameRate":57.5012,"gestures":[],"hands":[{"direction":[-0.014352,0.293701,-0.95579],"id":56,"palmNormal":[0.163823,-0.94228,-0.292009],"palmPosition":[-55.8621,126.466,102.949],"palmVelocity":[-250.527,38.0208,-416.295],"r":[[0.984916,0.167664,0.0427646],[-0.169061,0.985104,0.03145],[-0.0368545,-0.0382054,0.99859]],"s":1.07343,"sphereCenter":[-19.8584,55.3178,68.0115],"sphereRadius":103.24,"stabilizedPalmPosition":[-55.7915,126.455,103.066],"t":[-62.4542,-15.6149,-74.6747],"timeVisible":0.15652}],"id":992773,"interactionBox":{"center":[0,200,0],"size":[221.418,221.418,154.742]},"pointables":[{"direction":[-0.149791,0.0125903,-0.988638],"handId":56,"id":5,"length":68.9956,"stabilizedTipPosition":[-70.0158,143.329,0.541972],"timeVisible":0.069564,"tipPosition":[-70.5355,143.151,-0.397061],"tipVelocity":[-238.28,-103.86,-474.242],"tool":false,"touchDistance":0.333333,"touchZone":"hovering"},{"direction":[-0.185577,0.161373,-0.969288],"handId":56,"id":78,"length":57.645,"stabilizedTipPosition":[-50.317,153.451,0.0680049],"timeVisible":0.191303,"tipPosition":[-50.317,153.451,0.0680049],"tipVelocity":[-216.992,-104.534,-482.417],"tool":false,"touchDistance":0.333333,"touchZone":"hovering"},{"direction":[-0.00743946,0.306672,-0.951786],"handId":56,"id":43,"length":67.5916,"stabilizedTipPosition":[-2.46139,146.745,27.3684],"timeVisible":0.260868,"tipPosition":[-3.93874,145.769,24.3742],"tipVelocity":[-215.856,-85.7614,-470.469],"tool":false,"touchDistance":0.333333,"touchZone":"hovering"},{"direction":[-0.345125,-0.0358128,-0.937873],"handId":56,"id":10,"length":65.4613,"stabilizedTipPosition":[-120.756,131.552,29.4864],"timeVisible":0.226085,"tipPosition":[-121.6,131.642,27.9755],"tipVelocity":[-264.843,24.0094,-467.825],"tool":false,"touchDistance":0.333333,"touchZone":"hovering"},{"direction":[-0.863728,0.0545437,-0.500998],"handId":56,"id":85,"length":44.6624,"stabilizedTipPosition":[-128.162,104.206,130.038],"timeVisible":0.017391,"tipPosition":[-128.162,104.206,130.038],"tipVelocity":[-277.863,234.736,-307.637],"tool":false,"touchDistance":1,"touchZone":"none"}],"r":[[-0.149307,-0.224913,0.962872],[-0.902767,-0.366256,-0.225539],[0.403384,-0.902923,-0.148359]],"s":-105.399,"t":[-3501.08,-23251.4,14169.1],"timestamp":15714662984},

{"currentFrameRate":57.4994,"gestures":[],"hands":[{"direction":[-0.051176,0.264801,-0.962944],"id":56,"palmNormal":[0.159646,-0.949639,-0.269626],"palmPosition":[-59.2048,127.367,94.8398],"palmVelocity":[-192.195,51.8277,-466.26],"r":[[0.981347,0.186964,0.0447462],[-0.188755,0.981216,0.0398322],[-0.0364585,-0.0475353,0.998204]],"s":1.0787,"sphereCenter":[-26.0439,52.5136,61.5593],"sphereRadius":104.936,"stabilizedPalmPosition":[-59.1282,127.346,95.0243],"t":[-65.8865,-16.9451,-83.0392],"timeVisible":0.173912}],"id":992775,"interactionBox":{"center":[0,200,0],"size":[221.418,221.418,154.742]},"pointables":[{"direction":[-0.142836,0.00137867,-0.989745],"handId":56,"id":5,"length":68.1329,"stabilizedTipPosition":[-74.5325,141.69,-9.39931],"timeVisible":0.086956,"tipPosition":[-75.1857,141.453,-10.837],"tipVelocity":[-167.876,-76.8304,-482.166],"tool":false,"touchDistance":0.333333,"touchZone":"hovering"},{"direction":[-0.188322,0.143559,-0.971558],"handId":56,"id":78,"length":57.4466,"stabilizedTipPosition":[-53.2858,151.329,-8.59974],"timeVisible":0.208695,"tipPosition":[-53.2858,151.329,-8.59974],"tipVelocity":[-141.735,-58.8072,-490.404],"tool":false,"touchDistance":0.333333,"touchZone":"hovering"},{"direction":[-0.00111982,0.290454,-0.956888],"handId":56,"id":43,"length":67.2726,"stabilizedTipPosition":[-5.22933,145.13,20.0504],"timeVisible":0.27826,"tipPosition":[-6.61891,144.32,16.3766],"tipVelocity":[-149.241,-35.1533,-471.101],"tool":false,"touchDistance":0.333333,"touchZone":"hovering"},{"direction":[-0.349013,-0.0424066,-0.936158],"handId":56,"id":10,"length":65.6651,"stabilizedTipPosition":[-123.845,131.85,21.5703],"timeVisible":0.243477,"tipPosition":[-124.643,131.927,19.5232],"tipVelocity":[-173.892,12.7607,-486.088],"tool":false,"touchDistance":0.333333,"touchZone":"hovering"},{"direction":[-0.907734,0.0431353,-0.417324],"handId":56,"id":85,"length":46.5566,"stabilizedTipPosition":[-130.915,105.003,126.231],"timeVisible":0.034783,"tipPosition":[-130.927,105.007,126.213],"tipVelocity":[-282.912,114.572,-348.641],"tool":false,"touchDistance":0.936889,"touchZone":"none"}],"r":[[-0.166942,-0.23387,0.957828],[-0.895907,-0.369643,-0.246404],[0.411681,-0.89926,-0.147816]],"s":-105.394,"t":[-3504.52,-23252.7,14160.7],"timestamp":15714680376},

{"currentFrameRate":57.4999,"gestures":[],"hands":[{"direction":[-0.0858213,0.241815,-0.96652],"id":56,"palmNormal":[0.152449,-0.955488,-0.252591],"palmPosition":[-61.4604,128.244,86.4475],"palmVelocity":[-129.702,50.4296,-482.567],"r":[[0.977638,0.205466,0.0448025],[-0.207629,0.976898,0.0506084],[-0.0333691,-0.058779,0.997713]],"s":1.08064,"sphereCenter":[-31.4498,49.7938,54.935],"sphereRadius":106.737,"stabilizedPalmPosition":[-61.3868,128.216,86.7184],"t":[-68.1749,-17.6354,-91.4028],"timeVisible":0.191303}],"id":992777,"interactionBox":{"center":[0,200,0],"size":[221.418,221.418,154.742]},"pointables":[{"direction":[-0.135791,-0.00939369,-0.990693],"handId":56,"id":5,"length":67.4816,"stabilizedTipPosition":[-77.552,140.613,-18.8271],"timeVisible":0.104347,"tipPosition":[-78.1807,140.388,-20.79],"tipVelocity":[-83.2776,-25.1441,-481.359],"tool":false,"touchDistance":0.333333,"touchZone":"hovering"},{"direction":[-0.188878,0.12647,-0.973823],"handId":56,"id":78,"length":57.2747,"stabilizedTipPosition":[-54.6539,149.947,-16.5781],"timeVisible":0.226086,"tipPosition":[-54.6539,149.947,-16.5781],"tipVelocity":[-51.9942,-29.4923,-458.882],"tool":false,"touchDistance":0.333333,"touchZone":"hovering"},{"direction":[0.00595863,0.27441,-0.961594],"handId":56,"id":43,"length":66.9546,"stabilizedTipPosition":[-7.02052,144.018,13.1329],"timeVisible":0.295651,"tipPosition":[-8.12359,143.333,8.87289],"tipVelocity":[-85.9207,-29.7806,-446.662],"tool":false,"touchDistance":0.333333,"touchZone":"hovering"},{"direction":[-0.351355,-0.0475219,-0.935036],"handId":56,"id":10,"length":65.7959,"stabilizedTipPosition":[-125.702,132.249,13.4247],"timeVisible":0.260868,"tipPosition":[-126.329,132.384,10.6782],"tipVelocity":[-99.7056,24.7403,-506.333],"tool":false,"touchDistance":0.333333,"touchZone":"hovering"},{"direction":[-0.895004,0.0417759,-0.444098],"handId":56,"id":85,"length":45.1248,"stabilizedTipPosition":[-133.14,106.927,121.554],"timeVisible":0.052174,"tipPosition":[-133.182,106.964,121.465],"tipVelocity":[-223.048,194.331,-394.514],"tool":false,"touchDistance":0.857744,"touchZone":"none"}],"r":[[-0.184424,-0.24062,0.952937],[-0.887758,-0.375271,-0.266567],[0.421751,-0.895139,-0.144404]],"s":-105.392,"t":[-3506.81,-23253.4,14152.4],"timestamp":15714697767},

{"currentFrameRate":57.5002,"gestures":[],"hands":[{"direction":[-0.117151,0.223132,-0.967723],"id":56,"palmNormal":[0.141364,-0.960764,-0.238641],"palmPosition":[-62.8749,129.308,77.2661],"palmVelocity":[-81.3342,61.1682,-527.939],"r":[[0.973876,0.222987,0.0429177],[-0.225361,0.972296,0.0620726],[-0.0278873,-0.070123,0.997148]],"s":1.08052,"sphereCenter":[-36.1893,46.6722,48.3473],"sphereRadius":109.098,"stabilizedPalmPosition":[-62.8094,129.26,77.6823],"t":[-69.2608,-17.892,-99.8552],"timeVisible":0.208694}],"id":992779,"interactionBox":{"center":[0,200,0],"size":[221.418,221.418,154.742]},"pointables":[{"direction":[-0.127982,-0.0194775,-0.991585],"handId":56,"id":5,"length":66.9213,"stabilizedTipPosition":[-78.9094,139.999,-27.7222],"timeVisible":0.121738,"tipPosition":[-79.2958,139.825,-30.2547],"tipVelocity":[0.125466,-1.27975,-487.146],"tool":false,"touchDistance":0.333333,"touchZone":"hovering"},{"direction":[-0.187594,0.110569,-0.976004],"handId":56,"id":78,"length":57.0836,"stabilizedTipPosition":[-54.6922,149.107,-24.5051],"timeVisible":0.243477,"tipPosition":[-54.6922,149.107,-24.5051],"tipVelocity":[13.425,-20.3446,-469.899],"tool":false,"touchDistance":0.333333,"touchZone":"hovering"},{"direction":[0.0140962,0.25924,-0.96571],"handId":56,"id":43,"length":66.7615,"stabilizedTipPosition":[-7.86951,143.213,6.44751],"timeVisible":0.313042,"tipPosition":[-8.50324,142.611,1.45719],"tipVelocity":[-28.8657,-29.2513,-439.858],"tool":false,"touchDistance":0.333333,"touchZone":"hovering"},{"direction":[-0.350486,-0.0521917,-0.935113],"handId":56,"id":10,"length":65.9147,"stabilizedTipPosition":[-126.36,132.858,5.13263],"timeVisible":0.278259,"tipPosition":[-126.643,133.119,1.56631],"tipVelocity":[-23.8387,41.6668,-517.788],"tool":false,"touchDistance":0.333333,"touchZone":"hovering"},{"direction":[-0.883571,0.125873,-0.451063],"handId":56,"id":85,"length":43.7666,"stabilizedTipPosition":[-134.998,109.287,115.944],"timeVisible":0.069565,"tipPosition":[-135.079,109.39,115.7],"tipVelocity":[-161.531,212.207,-439.209],"tool":false,"touchDistance":0.761662,"touchZone":"none"}],"r":[[-0.201631,-0.245123,0.948293],[-0.879092,-0.381641,-0.285567],[0.431906,-0.891216,-0.138535]],"s":-105.392,"t":[-3507.9,-23253.7,14143.9],"timestamp":15714715158},

{"currentFrameRate":57.5009,"gestures":[],"hands":[{"direction":[-0.143931,0.211654,-0.966688],"id":56,"palmNormal":[0.128589,-0.964577,-0.230338],"palmPosition":[-63.3083,130.282,68.0558],"palmVelocity":[-24.9195,56.0436,-529.601],"r":[[0.970228,0.239135,0.0383643],[-0.241369,0.967774,0.0717956],[-0.0199591,-0.0789181,0.996681]],"s":1.08152,"sphereCenter":[-40.2297,43.2018,41.8835],"sphereRadius":111.933,"stabilizedPalmPosition":[-63.2779,130.22,68.6419],"t":[-69.3234,-17.9905,-108.121],"timeVisible":0.226085}],"id":992781,"interactionBox":{"center":[0,200,0],"size":[221.418,221.418,154.742]},"pointables":[{"direction":[-0.119307,-0.0294199,-0.992421],"handId":56,"id":5,"length":66.4292,"stabilizedTipPosition":[-78.8114,139.657,-36.0101],"timeVisible":0.139129,"tipPosition":[-78.7747,139.529,-39.1134],"tipVelocity":[62.9953,1.78595,-478.694],"tool":false,"touchDistance":0.333333,"touchZone":"hovering"},{"direction":[-0.18464,0.0967005,-0.978037],"handId":56,"id":78,"length":56.88,"stabilizedTipPosition":[-53.6018,148.634,-32.3487],"timeVisible":0.260868,"tipPosition":[-53.6018,148.634,-32.3487],"tipVelocity":[72.6879,-14.0416,-459.487],"tool":false,"touchDistance":0.333333,"touchZone":"hovering"},{"direction":[-0.348085,-0.0573539,-0.935707],"handId":56,"id":10,"length":65.9704,"stabilizedTipPosition":[-126.035,133.764,-3.02372],"timeVisible":0.29565,"tipPosition":[-125.86,134.252,-7.41141],"tipVelocity":[32.6601,64.5469,-509.588],"tool":false,"touchDistance":0.333333,"touchZone":"hovering"},{"direction":[0.0234963,0.243752,-0.969553],"handId":56,"id":43,"length":66.3826,"stabilizedTipPosition":[-7.88769,142.526,0.0581102],"timeVisible":0.330433,"tipPosition":[-7.90395,141.911,-5.65968],"tipVelocity":[22.631,-38.6849,-423.304],"tool":false,"touchDistance":0.333333,"touchZone":"hovering"},{"direction":[-0.861932,0.184603,-0.472224],"handId":56,"id":85,"length":43.4006,"stabilizedTipPosition":[-136.858,111.28,109.703],"timeVisible":0.086956,"tipPosition":[-137.004,111.436,109.213],"tipVelocity":[-139.824,128.047,-448.58],"tool":false,"touchDistance":0.653552,"touchZone":"none"}],"r":[[-0.218511,-0.246597,0.944163],[-0.87114,-0.386705,-0.302611],[0.439736,-0.888622,-0.130322]],"s":-105.391,"t":[-3507.96,-23253.8,14135.7],"timestamp":15714732549},

{"currentFrameRate":57.5013,"gestures":[],"hands":[{"direction":[-0.166727,0.203993,-0.96467],"id":56,"palmNormal":[0.113023,-0.967962,-0.224223],"palmPosition":[-62.9534,131.167,59.3097],"palmVelocity":[20.405,50.8604,-502.912],"r":[[0.966311,0.25535,0.0322403],[-0.257185,0.962823,0.0826256],[-0.00994325,-0.0881337,0.996059]],"s":1.08084,"sphereCenter":[-43.6796,40.7474,35.5866],"sphereRadius":113.962,"stabilizedPalmPosition":[-62.9802,131.089,60.0798],"t":[-68.4892,-18.0586,-116.15],"timeVisible":0.243476}],"id":992783,"interactionBox":{"center":[0,200,0],"size":[221.418,221.418,154.742]},"pointables":[{"direction":[-0.109936,-0.0396115,-0.993149],"handId":56,"id":5,"length":66.0322,"stabilizedTipPosition":[-77.6091,139.456,-43.6831],"timeVisible":0.15652,"tipPosition":[-77.0346,139.359,-47.3495],"tipVelocity":[107.19,-0.713516,-461.589],"tool":false,"touchDistance":0.333333,"touchZone":"hovering"},{"direction":[-0.180031,0.0821815,-0.980222],"handId":56,"id":78,"length":56.6829,"stabilizedTipPosition":[-51.5569,148.127,-39.9209],"timeVisible":0.278259,"tipPosition":[-51.5569,148.127,-39.9209],"tipVelocity":[118.477,-36.4858,-439.417],"tool":false,"touchDistance":0.333333,"touchZone":"hovering"},{"direction":[-0.34421,-0.0628575,-0.936786],"handId":56,"id":10,"length":68.6483,"stabilizedTipPosition":[-124.927,134.824,-10.9962],"timeVisible":0.313041,"tipPosition":[-124.193,135.526,-16.2699],"tipVelocity":[78.9672,70.3233,-504.651],"tool":false,"touchDistance":0.333333,"touchZone":"hovering"},{"direction":[0.0334702,0.228114,-0.973059],"handId":56,"id":43,"length":65.6877,"stabilizedTipPosition":[-7.24631,141.869,-6.00656],"timeVisible":0.347824,"tipPosition":[-6.56481,141.17,-12.4505],"tipVelocity":[62.8974,-45.3911,-405.471],"tool":false,"touchDistance":0.333333,"touchZone":"hovering"},{"direction":[-0.845499,0.235704,-0.479139],"handId":56,"id":85,"length":42.459,"stabilizedTipPosition":[-138.306,113.814,102.394],"timeVisible":0.104347,"tipPosition":[-138.485,114.127,101.491],"tipVelocity":[-63.3884,192.76,-472.815],"tool":false,"touchDistance":0.524851,"touchZone":"none"}],"r":[[-0.235974,-0.246553,0.939962],[-0.862381,-0.392704,-0.319504],[0.447901,-0.886,-0.119954]],"s":-105.392,"t":[-3507.13,-23253.8,14127.6],"timestamp":15714749940},

{"currentFrameRate":57.4994,"gestures":[],"hands":[{"direction":[-0.18558,0.199697,-0.962123],"id":56,"palmNormal":[0.0952171,-0.970869,-0.219879],"palmPosition":[-61.8949,132.028,50.9228],"palmVelocity":[60.8624,49.4997,-482.222],"r":[[0.961866,0.272749,0.02053],[-0.273454,0.957253,0.094291],[0.00606544,-0.0963093,0.995333]],"s":1.07933,"sphereCenter":[-46.5111,39.0986,29.3662],"sphereRadius":115.34,"stabilizedPalmPosition":[-62.0146,131.924,51.9331],"t":[-66.8795,-18.0949,-123.769],"timeVisible":0.260868}],"id":992785,"interactionBox":{"center":[0,200,0],"size":[221.418,221.418,154.742]},"pointables":[{"direction":[-0.0997813,-0.0501841,-0.993743],"handId":56,"id":5,"length":65.6703,"stabilizedTipPosition":[-75.561,139.347,-50.725],"timeVisible":0.173912,"tipPosition":[-74.3412,139.282,-54.9191],"tipVelocity":[148.555,-0.429301,-435.642],"tool":false,"touchDistance":0.333333,"touchZone":"hovering"},{"direction":[-0.174241,0.0678434,-0.982363],"handId":56,"id":78,"length":56.4864,"stabilizedTipPosition":[-48.8443,147.735,-47.1773],"timeVisible":0.295651,"tipPosition":[-48.8443,147.735,-47.1773],"tipVelocity":[142.158,-25.7959,-421.369],"tool":false,"touchDistance":0.333333,"touchZone":"hovering"},{"direction":[-0.338688,-0.0685282,-0.9384],"handId":56,"id":10,"length":68.8402,"stabilizedTipPosition":[-123.205,135.925,-18.6359],"timeVisible":0.330433,"tipPosition":[-121.826,136.807,-24.7602],"tipVelocity":[118.914,69.1409,-488.137],"tool":false,"touchDistance":0.333333,"touchZone":"hovering"},{"direction":[0.0441982,0.212117,-0.976244],"handId":56,"id":43,"length":64.9416,"stabilizedTipPosition":[-6.0728,141.225,-11.7099],"timeVisible":0.365216,"tipPosition":[-4.60478,140.419,-18.8446],"tipVelocity":[98.1299,-46.8866,-383.783],"tool":false,"touchDistance":0.226765,"touchZone":"hovering"},{"direction":[-0.834821,0.280631,-0.473624],"handId":56,"id":85,"length":42.0001,"stabilizedTipPosition":[-140.368,116.924,93.4965],"timeVisible":0.121739,"tipPosition":[-140.736,117.479,91.9092],"tipVelocity":[-160.959,234.757,-531.379],"tool":false,"touchDistance":0.365154,"touchZone":"none"}],"r":[[-0.256561,-0.241685,0.935823],[-0.852717,-0.39923,-0.336882],[0.455028,-0.884423,-0.103661]],"s":-105.393,"t":[-3505.52,-23253.9,14120],"timestamp":15714767332},

{"currentFrameRate":57.4999,"gestures":[],"hands":[{"direction":[-0.199828,0.19818,-0.95958],"id":56,"palmNormal":[0.0763495,-0.973205,-0.216893],"palmPosition":[-60.0702,132.875,43.2079],"palmVelocity":[104.925,48.7236,-443.62],"r":[[0.957478,0.288299,0.0109735],[-0.287831,0.95194,0.10471],[0.0197417,-0.103416,0.994442]],"s":1.07729,"sphereCenter":[-48.7283,38.0195,23.293],"sphereRadius":116.345,"stabilizedPalmPosition":[-60.3527,132.737,44.4754],"t":[-64.3551,-17.8721,-131.049],"timeVisible":0.278259}],"id":992787,"interactionBox":{"center":[0,200,0],"size":[221.418,221.418,154.742]},"pointables":[{"direction":[-0.0893478,-0.0601994,-0.99418],"handId":56,"id":5,"length":65.3496,"stabilizedTipPosition":[-72.8349,139.424,-57.25],"timeVisible":0.191303,"tipPosition":[-70.848,139.48,-62.0054],"tipVelocity":[188.73,16.707,-415.638],"tool":false,"touchDistance":0.333333,"touchZone":"hovering"},{"direction":[-0.167493,0.0542242,-0.984381],"handId":56,"id":78,"length":54.2795,"stabilizedTipPosition":[-45.435,147.519,-54.0343],"timeVisible":0.313042,"tipPosition":[-45.435,147.519,-54.0343],"tipVelocity":[177.663,-12.4741,-402.245],"tool":false,"touchDistance":0.333333,"touchZone":"hovering"},{"direction":[-0.33277,-0.0740022,-0.9401],"handId":56,"id":10,"length":68.8302,"stabilizedTipPosition":[-121.026,137.109,-25.8736],"timeVisible":0.347824,"tipPosition":[-118.935,138.246,-32.8209],"tipVelocity":[149.605,77.962,-469.087],"tool":false,"touchDistance":0.198988,"touchZone":"hovering"},{"direction":[0.0552783,0.197588,-0.978725],"handId":56,"id":43,"length":63.8603,"stabilizedTipPosition":[-4.39832,140.635,-17.1213],"timeVisible":0.382607,"tipPosition":[-1.94988,139.773,-25.0339],"tipVelocity":[141.259,-39.2134,-371.263],"tool":false,"touchDistance":0.12361,"touchZone":"hovering"},{"direction":[-0.823559,0.314779,-0.471874],"handId":56,"id":85,"length":41.6739,"stabilizedTipPosition":[-141.153,119.913,83.618],"timeVisible":0.13913,"tipPosition":[-141.346,120.649,81.1861],"tipVelocity":[145.375,133.891,-471.502],"tool":false,"touchDistance":0.333333,"touchZone":"none"}],"r":[[-0.274602,-0.238094,0.931614],[-0.843772,-0.404967,-0.352208],[0.461132,-0.882787,-0.0896926]],"s":-105.395,"t":[-3502.99,-23253.6,14112.7],"timestamp":15714784723},

{"currentFrameRate":57.5002,"gestures":[],"hands":[{"direction":[-0.210749,0.201037,-0.956645],"id":56,"palmNormal":[0.0578202,-0.974347,-0.217495],"palmPosition":[-57.432,133.816,36.3115],"palmVelocity":[151.699,54.0967,-396.546],"r":[[0.952958,0.303099,-0.00140124],[-0.300982,0.946828,0.113697],[0.0357881,-0.107926,0.993515]],"s":1.07603,"sphereCenter":[-50.2479,37.604,17.2772],"sphereRadius":116.914,"stabilizedPalmPosition":[-57.972,133.616,37.8211],"t":[-61.1076,-17.2088,-137.869],"timeVisible":0.29565}],"id":992789,"interactionBox":{"center":[0,200,0],"size":[221.418,221.418,154.742]},"pointables":[{"direction":[-0.0783235,-0.069541,-0.9945],"handId":56,"id":5,"length":65.0779,"stabilizedTipPosition":[-69.4439,139.798,-63.261],"timeVisible":0.208694,"tipPosition":[-66.4649,140.126,-68.5417],"tipVelocity":[239.818,43.8732,-391.522],"tool":false,"touchDistance":0.333333,"touchZone":"hovering"},{"direction":[-0.159122,0.0404892,-0.986428],"handId":56,"id":78,"length":52.1666,"stabilizedTipPosition":[-41.1772,147.692,-60.1218],"timeVisible":0.330433,"tipPosition":[-41.1772,147.692,-60.1218],"tipVelocity":[226.144,10.1885,-362.578],"tool":false,"touchDistance":0.333333,"touchZone":"hovering"},{"direction":[-0.325895,-0.0796983,-0.942041],"handId":56,"id":10,"length":68.7531,"stabilizedTipPosition":[-118.332,138.438,-32.7364],"timeVisible":0.365215,"tipPosition":[-115.268,139.95,-40.5416],"tipVelocity":[200.863,92.9886,-454.156],"tool":false,"touchDistance":0.0703105,"touchZone":"hovering"},{"direction":[0.0673186,0.183434,-0.980724],"handId":56,"id":43,"length":63.2618,"stabilizedTipPosition":[-2.23482,140.22,-22.1279],"timeVisible":0.399998,"tipPosition":[1.43859,139.516,-30.6285],"tipVelocity":[183.79,-14.4434,-339.527],"tool":false,"touchDistance":0.0303663,"touchZone":"hovering"},{"direction":[-0.81456,0.341579,-0.468845],"handId":56,"id":85,"length":41.7356,"stabilizedTipPosition":[-141.543,122.83,72.7308],"timeVisible":0.156521,"tipPosition":[-141.67,123.783,69.1742],"tipVelocity":[45.4405,119.895,-468.236],"tool":false,"touchDistance":0.333333,"touchZone":"none"}],"r":[[-0.292977,-0.231584,0.927649],[-0.835544,-0.409633,-0.366151],[0.46479,-0.882366,-0.0734857]],"s":-105.397,"t":[-3499.74,-23253,14105.9],"timestamp":15714802114},

{"currentFrameRate":57.5009,"gestures":[],"hands":[{"direction":[-0.218829,0.205684,-0.953839],"id":56,"palmNormal":[0.0410738,-0.974723,-0.21961],"palmPosition":[-54.0143,134.79,30.3086],"palmVelocity":[196.521,56.011,-345.174],"r":[[0.948733,0.31576,-0.0142108],[-0.311878,0.942479,0.12027],[0.05137,-0.109672,0.992639]],"s":1.07495,"sphereCenter":[-50.9715,38.0984,11.3139],"sphereRadius":116.838,"stabilizedPalmPosition":[-54.9086,134.525,32.0063],"t":[-56.8857,-16.3321,-144.179],"timeVisible":0.313041}],"id":992791,"interactionBox":{"center":[0,200,0],"size":[221.418,221.418,154.742]},"pointables":[{"direction":[-0.066772,-0.0775651,-0.994749],"handId":56,"id":5,"length":64.8501,"stabilizedTipPosition":[-65.3754,140.467,-68.7366],"timeVisible":0.226085,"tipPosition":[-61.1207,141.166,-74.4627],"tipVelocity":[293.428,62.6896,-361.891],"tool":false,"touchDistance":0.333333,"touchZone":"hovering"},{"direction":[-0.149417,0.0288472,-0.988353],"handId":56,"id":78,"length":49.7897,"stabilizedTipPosition":[-35.9824,148.379,-65.888],"timeVisible":0.347824,"tipPosition":[-35.9824,148.379,-65.888],"tipVelocity":[278.942,36.327,-347.277],"tool":false,"touchDistance":0.237231,"touchZone":"hovering"},{"direction":[-0.317131,-0.0851962,-0.944547],"handId":56,"id":10,"length":68.5794,"stabilizedTipPosition":[-115.029,139.89,-39.1416],"timeVisible":0.382606,"tipPosition":[-110.612,141.83,-47.7044],"tipVelocity":[264.961,101.992,-426.886],"tool":false,"touchDistance":-0.09907,"touchZone":"hovering"},{"direction":[0.0800993,0.171343,-0.98195],"handId":56,"id":43,"length":62.8578,"stabilizedTipPosition":[0.436755,140.016,-26.6848],"timeVisible":0.417389,"tipPosition":[5.67888,139.615,-35.6263],"tipVelocity":[232.609,4.25694,-306.655],"tool":false,"touchDistance":-0.102931,"touchZone":"hovering"},{"direction":[-0.80678,0.359661,-0.468774],"handId":56,"id":85,"length":42.0495,"stabilizedTipPosition":[-140.953,125.311,61.7551],"timeVisible":0.173912,"tipPosition":[-140.706,126.355,57.1373],"tipVelocity":[185.142,44.255,-429.296],"tool":false,"touchDistance":0.333333,"touchZone":"none"}],"r":[[-0.309508,-0.223887,0.924164],[-0.82894,-0.412658,-0.377587],[0.465901,-0.882943,-0.0578678]],"s":-105.398,"t":[-3495.52,-23252.1,14099.6],"timestamp":15714819505},

{"currentFrameRate":57.5013,"gestures":[],"hands":[{"direction":[-0.224572,0.212838,-0.95093],"id":56,"palmNormal":[0.0241464,-0.97434,-0.22378],"palmPosition":[-50.024,135.742,25.0264],"palmVelocity":[229.446,54.7162,-303.73],"r":[[0.943843,0.329031,-0.029988],[-0.322916,0.937874,0.126954],[0.0698969,-0.110141,0.991455]],"s":1.07451,"sphereCenter":[-50.9514,39.0474,5.46237],"sphereRadius":116.462,"stabilizedPalmPosition":[-51.3209,135.419,26.8797],"t":[-51.7917,-15.2953,-150.015],"timeVisible":0.330432}],"id":992793,"interactionBox":{"center":[0,200,0],"size":[221.418,221.418,154.742]},"pointables":[{"direction":[-0.054135,-0.0846674,-0.994938],"handId":56,"id":5,"length":64.6532,"stabilizedTipPosition":[-60.6895,141.312,-73.7383],"timeVisible":0.243476,"tipPosition":[-54.9219,142.352,-79.8947],"tipVelocity":[338.915,65.8117,-336.317],"tool":false,"touchDistance":0.333333,"touchZone":"hovering"},{"direction":[-0.138339,0.0184521,-0.990213],"handId":56,"id":78,"length":48.0004,"stabilizedTipPosition":[-30.0439,149.25,-70.7715],"timeVisible":0.365215,"tipPosition":[-30.0439,149.25,-70.7715],"tipVelocity":[321.189,43.1164,-300.977],"tool":false,"touchDistance":0.159414,"touchZone":"hovering"},{"direction":[-0.306543,-0.0895055,-0.947639],"handId":56,"id":10,"length":68.4478,"stabilizedTipPosition":[-111.13,141.401,-45.0318],"timeVisible":0.399997,"tipPosition":[-105.058,143.755,-54.2036],"tipVelocity":[316.816,102.964,-391.84],"tool":false,"touchDistance":-0.20739,"touchZone":"hovering"},{"direction":[0.0936056,0.159661,-0.982724],"handId":56,"id":43,"length":62.0846,"stabilizedTipPosition":[3.54806,139.946,-30.7745],"timeVisible":0.43478,"tipPosition":[10.5502,139.788,-39.9788],"tipVelocity":[268.528,5.81028,-270.049],"tool":false,"touchDistance":-0.175471,"touchZone":"hovering"},{"direction":[-0.801292,0.372319,-0.468305],"handId":56,"id":85,"length":42.5231,"stabilizedTipPosition":[-139.987,127.988,51.4238],"timeVisible":0.191303,"tipPosition":[-139.475,129.404,45.9575],"tipVelocity":[93.1786,161.857,-426.162],"tool":false,"touchDistance":0.333333,"touchZone":"none"}],"r":[[-0.327676,-0.213579,0.920333],[-0.822051,-0.415685,-0.38915],[0.465683,-0.884076,-0.0393627]],"s":-105.398,"t":[-3490.43,-23251.1,14093.8],"timestamp":15714836896},

{"currentFrameRate":57.4994,"gestures":[],"hands":[{"direction":[-0.227525,0.220197,-0.948549],"id":56,"palmNormal":[0.00815271,-0.973633,-0.227976],"palmPosition":[-45.5591,136.482,20.8027],"palmVelocity":[256.717,42.5827,-242.857],"r":[[0.938825,0.34118,-0.0469383],[-0.332711,0.933713,0.132227],[0.0889402,-0.108522,0.990107]],"s":1.07443,"sphereCenter":[-50.3624,39.8951,-0.115542],"sphereRadius":116.208,"stabilizedPalmPosition":[-47.2858,136.163,22.6238],"t":[-46.2273,-14.5145,-155.239],"timeVisible":0.347824}],"id":992795,"interactionBox":{"center":[0,200,0],"size":[221.418,221.418,154.742]},"pointables":[{"direction":[-0.0407149,-0.0905708,-0.995057],"handId":56,"id":5,"length":63.1513,"stabilizedTipPosition":[-55.5668,142.173,-78.2442],"timeVisible":0.260868,"tipPosition":[-48.2334,143.406,-84.6946],"tipVelocity":[361.799,54.2525,-301.089],"tool":false,"touchDistance":0.333333,"touchZone":"hovering"},{"direction":[-0.126356,0.00917259,-0.991943],"handId":56,"id":78,"length":50.3335,"stabilizedTipPosition":[-23.7096,149.952,-75.0227],"timeVisible":0.382607,"tipPosition":[-23.7096,149.952,-75.0227],"tipVelocity":[342.887,31.9339,-266.982],"tool":false,"touchDistance":0.117325,"touchZone":"hovering"},{"direction":[-0.294807,-0.0927081,-0.951049],"handId":56,"id":10,"length":68.4319,"stabilizedTipPosition":[-106.796,142.896,-50.4811],"timeVisible":0.417389,"tipPosition":[-99.0013,145.584,-60.2838],"tipVelocity":[336.989,96.4934,-368.837],"tool":false,"touchDistance":-0.306187,"touchZone":"hovering"},{"direction":[0.108268,0.1496,-0.982801],"handId":56,"id":43,"length":61.6532,"stabilizedTipPosition":[7.01048,139.904,-34.3716],"timeVisible":0.452172,"tipPosition":[15.8715,139.797,-43.5772],"tipVelocity":[288.945,-6.1815,-226.721],"tool":false,"touchDistance":-0.23924,"touchZone":"hovering"},{"direction":[-0.796635,0.378055,-0.471643],"handId":56,"id":85,"length":43.1125,"stabilizedTipPosition":[-138.39,130.308,42.5183],"timeVisible":0.208695,"tipPosition":[-137.349,131.822,36.7096],"tipVelocity":[175.787,56.6721,-384.643],"tool":false,"touchDistance":0.333333,"touchZone":"none"}],"r":[[-0.345219,-0.201745,0.916582],[-0.816108,-0.417743,-0.399324],[0.463457,-0.885884,-0.0204327]],"s":-105.398,"t":[-3484.86,-23250.3,14088.5],"timestamp":15714854288},

{"currentFrameRate":57.4999,"gestures":[],"hands":[{"direction":[-0.227336,0.227562,-0.946855],"id":56,"palmNormal":[-0.00944854,-0.972783,-0.231525],"palmPosition":[-41.0066,136.769,17.3989],"palmVelocity":[261.777,16.4659,-195.719],"r":[[0.933558,0.352934,-0.0625064],[-0.342217,0.929532,0.137322],[0.106567,-0.106807,0.988552]],"s":1.07243,"sphereCenter":[-49.3036,41.1362,-5.32912],"sphereRadius":115.519,"stabilizedPalmPosition":[-43.0516,136.571,19.1005],"t":[-40.4322,-14.2446,-159.616],"timeVisible":0.365215}],"id":992797,"interactionBox":{"center":[0,200,0],"size":[221.418,221.418,154.742]},"pointables":[{"direction":[-0.0271645,-0.0964896,-0.994963],"handId":56,"id":5,"length":61.8522,"stabilizedTipPosition":[-50.2255,142.838,-82.1657],"timeVisible":0.278259,"tipPosition":[-41.4673,143.928,-88.5958],"tipVelocity":[360.61,19.5548,-249.028],"tool":false,"touchDistance":0.333333,"touchZone":"hovering"},{"direction":[-0.113517,0.000172068,-0.993536],"handId":56,"id":78,"length":52.4164,"stabilizedTipPosition":[-17.2422,150.119,-78.3812],"timeVisible":0.399998,"tipPosition":[-17.2422,150.119,-78.3812],"tipVelocity":[350.468,1.55562,-215.212],"tool":false,"touchDistance":0.109386,"touchZone":"hovering"},{"direction":[-0.282148,-0.0956176,-0.954594],"handId":56,"id":10,"length":68.4558,"stabilizedTipPosition":[-102.201,144.266,-55.3988],"timeVisible":0.43478,"tipPosition":[-92.7452,147.087,-65.5189],"tipVelocity":[340.497,77.5534,-318.786],"tool":false,"touchDistance":-0.382428,"touchZone":"hovering"},{"direction":[0.123916,0.13946,-0.982444],"handId":56,"id":43,"length":60.9723,"stabilizedTipPosition":[10.7093,139.74,-37.5217],"timeVisible":0.469563,"tipPosition":[21.3213,139.27,-46.5593],"tipVelocity":[293.951,-37.2312,-190.566],"tool":false,"touchDistance":-0.288381,"touchZone":"hovering"},{"direction":[-0.79326,0.374984,-0.479714],"handId":56,"id":85,"length":43.2866,"stabilizedTipPosition":[-135.698,132.301,35.3035],"timeVisible":0.226086,"tipPosition":[-133.571,133.875,29.6038],"tipVelocity":[311.219,58.5833,-335.478],"tool":false,"touchDistance":0.333333,"touchZone":"none"}],"r":[[-0.361869,-0.191001,0.912452],[-0.810218,-0.419672,-0.409173],[0.461083,-0.887352,-0.00288657]],"s":-105.4,"t":[-3479.07,-23250,14084.2],"timestamp":15714871679},

{"currentFrameRate":57.5002,"gestures":[],"hands":[{"direction":[-0.224111,0.233487,-0.946181],"id":56,"palmNormal":[-0.0262953,-0.971972,-0.233623],"palmPosition":[-36.6,136.577,14.5405],"palmVelocity":[253.385,-10.9899,-164.361],"r":[[0.926376,0.367965,-0.0801774],[-0.354337,0.923746,0.145394],[0.127563,-0.10628,0.98612]],"s":1.07217,"sphereCenter":[-47.9155,42.5737,-10.0779],"sphereRadius":114.504,"stabilizedPalmPosition":[-38.8065,136.575,16.1001],"t":[-34.6252,-14.6518,-163.546],"timeVisible":0.382606}],"id":992799,"interactionBox":{"center":[0,200,0],"size":[221.418,221.418,154.742]},"pointables":[{"direction":[-0.0137113,-0.102583,-0.99463],"handId":56,"id":5,"length":60.4198,"stabilizedTipPosition":[-44.8077,143.156,-85.6047],"timeVisible":0.29565,"tipPosition":[-34.8595,143.741,-91.9194],"tipVelocity":[352.005,-22.2815,-215.863],"tool":false,"touchDistance":0.333333,"touchZone":"hovering"},{"direction":[-0.10027,-0.00695773,-0.994936],"handId":56,"id":78,"length":54.126,"stabilizedTipPosition":[-10.9415,149.452,-81.6097],"timeVisible":0.417389,"tipPosition":[-10.9415,149.452,-81.6097],"tipVelocity":[341.144,-46.0353,-207.206],"tool":false,"touchDistance":0.104153,"touchZone":"hovering"},{"direction":[-0.268499,-0.099372,-0.958141],"handId":56,"id":10,"length":68.3608,"stabilizedTipPosition":[-97.4633,145.384,-59.7745],"timeVisible":0.452171,"tipPosition":[-86.4677,147.979,-69.9295],"tipVelocity":[337.053,41.8766,-271.323],"tool":false,"touchDistance":-0.438677,"touchZone":"hovering"},{"direction":[0.139497,0.130649,-0.981566],"handId":56,"id":43,"length":60.5944,"stabilizedTipPosition":[14.5597,139.313,-40.2898],"timeVisible":0.486954,"tipPosition":[26.6281,137.973,-48.966],"tipVelocity":[284.567,-80.5256,-156.752],"tool":false,"touchDistance":-0.323976,"touchZone":"hovering"},{"direction":[-0.79,0.375476,-0.484684],"handId":56,"id":85,"length":43.6872,"stabilizedTipPosition":[-133.087,134.698,29.2709],"timeVisible":0.243477,"tipPosition":[-130.624,136.96,23.5785],"tipVelocity":[86.5063,204.604,-331.695],"tool":false,"touchDistance":0.333333,"touchZone":"none"}],"r":[[-0.382293,-0.179224,0.906494],[-0.801722,-0.423442,-0.421828],[0.459449,-0.888018,0.0181913]],"s":-105.4,"t":[-3473.26,-23250.4,14080.2],"timestamp":15714889070},

{"currentFrameRate":57.5009,"gestures":[],"hands":[{"direction":[-0.217618,0.239042,-0.946309],"id":56,"palmNormal":[-0.0467951,-0.970986,-0.234514],"palmPosition":[-32.3915,135.839,12.5382],"palmVelocity":[241.992,-42.4673,-115.132],"r":[[0.917529,0.385472,-0.0977317],[-0.368494,0.916536,0.155482],[0.149509,-0.106646,0.982992]],"s":1.07187,"sphereCenter":[-46.6568,42.6051,-14.2393],"sphereRadius":114.528,"stabilizedPalmPosition":[-34.6193,136.095,13.7752],"t":[-29.0166,-15.8245,-166.346],"timeVisible":0.399997}],"id":992801,"interactionBox":{"center":[0,200,0],"size":[221.418,221.418,154.742]},"pointables":[{"direction":[0.00024381,-0.110814,-0.993841],"handId":56,"id":5,"length":60.6836,"stabilizedTipPosition":[-39.3679,143.016,-88.4643],"timeVisible":0.313041,"tipPosition":[-28.572,142.737,-94.1397],"tipVelocity":[336.481,-68.8294,-149.352],"tool":false,"touchDistance":0.333333,"touchZone":"hovering"},{"direction":[-0.086861,-0.0163336,-0.996087],"handId":56,"id":78,"length":53.9062,"stabilizedTipPosition":[-4.98112,147.899,-83.8265],"timeVisible":0.43478,"tipPosition":[-4.98112,147.899,-83.8265],"tipVelocity":[323.642,-95.8435,-143.566],"tool":false,"touchDistance":0.121891,"touchZone":"hovering"},{"direction":[-0.254472,-0.10419,-0.961451],"handId":56,"id":10,"length":68.1916,"stabilizedTipPosition":[-92.6715,146.228,-63.5495],"timeVisible":0.469562,"tipPosition":[-80.4137,148.386,-73.2064],"tipVelocity":[321.364,16.6092,-203.595],"tool":false,"touchDistance":-0.472297,"touchZone":"hovering"},{"direction":[0.15537,0.119853,-0.980559],"handId":56,"id":43,"length":60.1392,"stabilizedTipPosition":[18.5512,138.428,-42.6902],"timeVisible":0.504345,"tipPosition":[31.613,135.534,-50.5452],"tipVelocity":[264.917,-146.617,-108.227],"tool":false,"touchDistance":-0.3436,"touchZone":"hovering"},{"direction":[-0.786308,0.370677,-0.494285],"handId":56,"id":85,"length":43.8108,"stabilizedTipPosition":[-130.544,137.329,24.3814],"timeVisible":0.260868,"tipPosition":[-127.715,140.257,18.9413],"tipVelocity":[116.134,188.4,-277.586],"tool":false,"touchDistance":0.333333,"touchZone":"none"}],"r":[[-0.404952,-0.168219,0.898731],[-0.791141,-0.4283,-0.43664],[0.458377,-0.887841,0.0403555]],"s":-105.401,"t":[-3467.65,-23251.6,14077.4],"timestamp":15714906461},

{"currentFrameRate":57.5013,"gestures":[],"hands":[{"direction":[-0.208339,0.24465,-0.946964],"id":56,"palmNormal":[-0.0693801,-0.969468,-0.235199],"palmPosition":[-28.6478,134.75,10.9724],"palmVelocity":[215.267,-62.5931,-90.0364],"r":[[0.90754,0.404004,-0.114678],[-0.383365,0.908455,0.166555],[0.171469,-0.107192,0.979341]],"s":1.07166,"sphereCenter":[-45.448,42.5592,-17.7935],"sphereRadius":114.45,"stabilizedPalmPosition":[-30.6891,135.21,11.9305],"t":[-23.7204,-17.4259,-168.563],"timeVisible":0.417388}],"id":992803,"interactionBox":{"center":[0,200,0],"size":[221.418,221.418,154.742]},"pointables":[{"direction":[0.0140448,-0.119446,-0.992741],"handId":56,"id":5,"length":60.6394,"stabilizedTipPosition":[-33.8828,142.42,-90.8819],"timeVisible":0.330432,"tipPosition":[-22.6885,141.206,-95.8157],"tipVelocity":[318.898,-93.2096,-119.193],"tool":false,"touchDistance":0.333333,"touchZone":"hovering"},{"direction":[-0.0732818,-0.0241871,-0.997018],"handId":56,"id":78,"length":53.4296,"stabilizedTipPosition":[0.549865,145.68,-85.278],"timeVisible":0.452171,"tipPosition":[0.549865,145.68,-85.278],"tipVelocity":[302.702,-129.354,-99.182],"tool":false,"touchDistance":0.148097,"touchZone":"hovering"},{"direction":[-0.240408,-0.109028,-0.964529],"handId":56,"id":10,"length":67.9271,"stabilizedTipPosition":[-87.8287,146.801,-66.8396],"timeVisible":0.486953,"tipPosition":[-74.6341,148.362,-75.8035],"tipVelocity":[308.175,-4.44459,-169.448],"tool":false,"touchDistance":-0.492357,"touchZone":"hovering"},{"direction":[0.170951,0.107596,-0.979387],"handId":56,"id":43,"length":59.757,"stabilizedTipPosition":[22.7358,136.995,-44.7673],"timeVisible":0.521736,"tipPosition":[36.0976,132.42,-51.3995],"tipVelocity":[237.859,-179.353,-66.6074],"tool":false,"touchDistance":-0.350388,"touchZone":"hovering"},{"direction":[-0.782395,0.365523,-0.504233],"handId":56,"id":85,"length":44.0091,"stabilizedTipPosition":[-128.019,139.857,20.4764],"timeVisible":0.278259,"tipPosition":[-124.745,143.134,15.4134],"tipVelocity":[138.214,135.389,-229.55],"tool":false,"touchDistance":0.333333,"touchZone":"hovering"}],"r":[[-0.42832,-0.157999,0.889707],[-0.779382,-0.433661,-0.45222],[0.457281,-0.887116,0.0626045]],"s":-105.401,"t":[-3462.36,-23253.2,14075.2],"timestamp":15714923852},

