[{"currentFrameRate":57.5011,"gestures":[],"hands":[{"direction":[-0.0548578,0.222744,-0.973332],"id":89,"palmNormal":[0.0451371,-0.97325,-0.22527],"palmPosition":[-72.0966,98.1019,78.9673],"palmVelocity":[35.2958,-95.6196,-338.363],"r":[[0.996643,0.0777208,0.0257142],[-0.078465,0.996486,0.0293226],[-0.0233449,-0.0312418,0.999239]],"s":1.05675,"sphereCenter":[-45.7986,41.1776,80.6485],"sphereRadius":89.0962,"stabilizedPalmPosition":[-72.1071,98.1315,79.0719],"t":[-60.1242,-9.57032,-75.3626],"timeVisible":0.139129}],"id":770825,"interactionBox":{"center":[0,200,0],"size":[221.418,221.418,154.742]},"pointables":[{"direction":[-0.227582,-0.124694,-0.965742],"handId":89,"id":94,"length":58.0819,"stabilizedTipPosition":[-95.9464,104.844,-11.4011],"timeVisible":0.121738,"tipPosition":[-95.6246,104.708,-13.0135],"tipVelocity":[132.853,-50.2478,-644.607],"tool":false,"touchDistance":0.333333,"touchZone":"hovering"},{"direction":[-0.304562,0.0216943,-0.952245],"handId":89,"id":52,"length":40.1255,"stabilizedTipPosition":[-74.6068,119.577,-5.34615],"timeVisible":0.260868,"tipPosition":[-73.9302,119.146,-8.65253],"tipVelocity":[172.476,-77.4163,-616.774],"tool":false,"touchDistance":0.333333,"touchZone":"hovering"},{"direction":[-0.173396,0.178124,-0.96861],"handId":89,"id":49,"length":53.6265,"stabilizedTipPosition":[-30.8393,108.4,7.94216],"timeVisible":0.191303,"tipPosition":[-30.8393,108.4,7.94216],"tipVelocity":[82.2028,-126.411,-555.431],"tool":false,"touchDistance":0.333333,"touchZone":"hovering"},{"direction":[-0.351963,-0.147861,-0.924261],"handId":89,"id":39,"length":52.1656,"stabilizedTipPosition":[-137.006,102.213,26.6164],"timeVisible":0.208694,"tipPosition":[-136.939,102.288,25.2571],"tipVelocity":[54.7947,51.0405,-698.399],"tool":false,"touchDistance":0.333333,"touchZone":"hovering"},{"direction":[-0.543049,0.461655,-0.701408],"handId":89,"id":67,"length":29.0287,"stabilizedTipPosition":[-134.417,85.6774,107.057],"timeVisible":0,"tipPosition":[-134.417,85.6774,107.057],"tipVelocity":[-78.445,212.294,-668.982],"tool":false,"touchDistance":0.617619,"touchZone":"hovering"}],"r":[[0.577029,-0.149051,0.803008],[-0.572814,0.626982,0.527993],[-0.582169,-0.764642,0.276409]],"s":-77.4529,"t":[-5317.2,-17640.3,11811.6],"timestamp":12191759784},

{"currentFrameRate":57.4993,"gestures":[],"hands":[{"direction":[-0.114598,0.222665,-0.968136],"id":89,"palmNormal":[0.0354589,-0.973019,-0.227985],"palmPosition":[-69.6889,96.8895,72.2594],"palmVelocity":[138.437,-69.7092,-385.687],"r":[[0.995176,0.0973947,0.0117993],[-0.0977852,0.994444,0.0389846],[-0.00793684,-0.0399503,0.99917]],"s":1.05676,"sphereCenter":[-50.7415,39.2472,73.2861],"sphereRadius":90.4103,"stabilizedPalmPosition":[-69.7571,96.9245,72.4513],"t":[-58.3114,-10.6069,-86.3179],"timeVisible":0.156521}],"id":770827,"interactionBox":{"center":[0,200,0],"size":[221.418,221.418,154.742]},"pointables":[{"direction":[-0.216817,-0.136237,-0.966659],"handId":89,"id":94,"length":57.4548,"stabilizedTipPosition":[-91.8721,103.807,-22.3682],"timeVisible":0.13913,"tipPosition":[-91.0632,103.601,-24.5454],"tipVelocity":[246.948,-56.3734,-632.341],"tool":false,"touchDistance":0.333333,"touchZone":"hovering"},{"direction":[-0.301502,0.0109538,-0.953403],"handId":89,"id":52,"length":40.3701,"stabilizedTipPosition":[-70.8415,118.302,-15.425],"timeVisible":0.27826,"tipPosition":[-69.2911,117.777,-19.5752],"tipVelocity":[267.886,-73.504,-621.254],"tool":false,"touchDistance":0.333333,"touchZone":"hovering"},{"direction":[-0.162582,0.175936,-0.970883],"handId":89,"id":49,"length":52.2678,"stabilizedTipPosition":[-27.4281,105.843,-1.26069],"timeVisible":0.208695,"tipPosition":[-27.4281,105.843,-1.26069],"tipVelocity":[189.015,-133.459,-536.814],"tool":false,"touchDistance":0.333333,"touchZone":"hovering"},{"direction":[-0.346509,-0.153194,-0.925453],"handId":89,"id":39,"length":51.828,"stabilizedTipPosition":[-134.225,102.942,14.1011],"timeVisible":0.226086,"tipPosition":[-133.772,103.061,12.0622],"tipVelocity":[180.843,45.3403,-715.698],"tool":false,"touchDistance":0.333333,"touchZone":"hovering"},{"direction":[-0.579959,0.476761,-0.660566],"handId":89,"id":67,"length":30.1816,"stabilizedTipPosition":[-134.615,87.4429,99.7419],"timeVisible":0.017392,"tipPosition":[-134.617,87.4572,99.6827],"tipVelocity":[-56.3798,139.057,-693.888],"tool":false,"touchDistance":0.494711,"touchZone":"hovering"}],"r":[[0.573729,-0.128206,0.808949],[-0.589152,0.62152,0.516345],[-0.568977,-0.772836,0.281051]],"s":-77.4527,"t":[-5315.41,-17641.3,11800.6],"timestamp":12191777176},

{"currentFrameRate":57.4999,"gestures":[],"hands":[{"direction":[-0.162648,0.22186,-0.961418],"id":89,"palmNormal":[0.0214762,-0.973366,-0.22825],"palmPosition":[-66.4954,96.1607,63.9262],"palmVelocity":[183.633,-41.908,-479.167],"r":[[0.993123,0.116935,-0.00575805],[-0.116513,0.991964,0.049312],[0.0114781,-0.0483019,0.998767]],"s":1.05697,"sphereCenter":[-54.4237,37.2943,65.6699],"sphereRadius":91.6524,"stabilizedPalmPosition":[-66.6356,96.1935,64.2927],"t":[-54.7061,-11.9544,-97.0474],"timeVisible":0.173912}],"id":770829,"interactionBox":{"center":[0,200,0],"size":[221.418,221.418,154.742]},"pointables":[{"direction":[-0.203912,-0.148706,-0.967629],"handId":89,"id":94,"length":56.992,"stabilizedTipPosition":[-86.1772,102.544,-32.6192],"timeVisible":0.156521,"tipPosition":[-84.6273,102.2,-35.4089],"tipVelocity":[361.969,-77.1598,-607.676],"tool":false,"touchDistance":0.333333,"touchZone":"hovering"},{"direction":[-0.29328,-0.00069213,-0.956026],"handId":89,"id":52,"length":40.5962,"stabilizedTipPosition":[-65.4805,116.818,-25.0213],"timeVisible":0.295651,"tipPosition":[-62.7212,116.055,-29.9606],"tipVelocity":[389.76,-110.62,-576.188],"tool":false,"touchDistance":0.333333,"touchZone":"hovering"},{"direction":[-0.149407,0.169165,-0.974197],"handId":89,"id":49,"length":51.0708,"stabilizedTipPosition":[-22.3242,103.06,-9.79725],"timeVisible":0.226086,"tipPosition":[-22.3242,103.06,-9.79725],"tipVelocity":[284.215,-145.365,-505.701],"tool":false,"touchDistance":0.333333,"touchZone":"hovering"},{"direction":[-0.340119,-0.15919,-0.92681],"handId":89,"id":39,"length":51.5348,"stabilizedTipPosition":[-129.529,103.539,1.53054],"timeVisible":0.243477,"tipPosition":[-128.455,103.676,-1.3446],"tipVelocity":[294.577,27.0428,-733.068],"tool":false,"touchDistance":0.333333,"touchZone":"hovering"},{"direction":[-0.598088,0.474036,-0.646204],"handId":89,"id":67,"length":31.1496,"stabilizedTipPosition":[-134.035,88.6636,92.1715],"timeVisible":0.034783,"tipPosition":[-134.016,88.7025,91.9304],"tipVelocity":[44.1319,77.5103,-667.234],"tool":false,"touchDistance":0.365507,"touchZone":"hovering"}],"r":[[0.572431,-0.104167,0.81331],[-0.605372,0.615316,0.504887],[-0.553035,-0.781367,0.289166]],"s":-77.4524,"t":[-5311.81,-17642.7,11789.9],"timestamp":12191794567},

{"currentFrameRate":57.5009,"gestures":[],"hands":[{"direction":[-0.199109,0.225151,-0.953762],"id":89,"palmNormal":[-0.00404735,-0.97343,-0.228949],"palmPosition":[-57.4157,93.9637,46.5877],"palmVelocity":[261.044,-63.1646,-498.491],"r":[[0.989119,0.142106,-0.0380792],[-0.139474,0.988116,0.064611],[0.0468082,-0.0585969,0.997184]],"s":1.05335,"sphereCenter":[-56.1359,35.371,56.5014],"sphereRadius":92.4815,"stabilizedPalmPosition":[-57.4513,93.9723,46.6561],"t":[-44.9381,-14.8957,-111.803],"timeVisible":0.208694}],"id":770833,"interactionBox":{"center":[0,200,0],"size":[221.418,221.418,154.742]},"pointables":[{"direction":[-0.182721,-0.166389,-0.968983],"handId":89,"id":94,"length":56.667,"stabilizedTipPosition":[-68.7641,98.9142,-52.6082],"timeVisible":0.191303,"tipPosition":[-67.4628,98.6429,-54.1021],"tipVelocity":[510.889,-106.865,-548.29],"tool":false,"touchDistance":0.333333,"touchZone":"hovering"},{"direction":[-0.274448,-0.0175341,-0.961442],"handId":89,"id":52,"length":41.4836,"stabilizedTipPosition":[-48.3714,112.002,-44.2686],"timeVisible":0.330433,"tipPosition":[-45.3556,111.153,-47.6613],"tipVelocity":[513.539,-160.903,-530.569],"tool":false,"touchDistance":0.333333,"touchZone":"hovering"},{"direction":[-0.326654,-0.169917,-0.929745],"handId":89,"id":39,"length":51.3275,"stabilizedTipPosition":[-114.277,103.672,-23.3108],"timeVisible":0.278259,"tipPosition":[-113.385,103.68,-24.7638],"tipVelocity":[441.845,-9.07628,-673.657],"tool":false,"touchDistance":0.333333,"touchZone":"hovering"},{"direction":[-0.128539,0.153789,-0.979707],"handId":89,"id":49,"length":50.0839,"stabilizedTipPosition":[-8.43136,97.1336,-23.7043],"timeVisible":0.260868,"tipPosition":[-8.43136,97.1336,-23.7043],"tipVelocity":[408.258,-176.248,-442.347],"tool":false,"touchDistance":0.333333,"touchZone":"hovering"},{"direction":[-0.621105,0.4632,-0.632197],"handId":89,"id":67,"length":32.3343,"stabilizedTipPosition":[-131.702,90.5983,76.2024],"timeVisible":0.069565,"tipPosition":[-131.692,90.6065,76.1347],"tipVelocity":[120.286,85.8949,-712.341],"tool":false,"touchDistance":0.333333,"touchZone":"hovering"}],"r":[[0.576105,-0.064941,0.814792],[-0.626249,0.605537,0.491057],[-0.525276,-0.793163,0.308184]],"s":-77.4559,"t":[-5302.05,-17645.6,11775.1],"timestamp":12191829349},

{"currentFrameRate":57.5012,"gestures":[],"hands":[{"direction":[-0.233584,0.232314,-0.944176],"id":89,"palmNormal":[-0.0269351,-0.972212,-0.232548],"palmPosition":[-50.4049,92.238,37.2267],"palmVelocity":[403.131,-99.2296,-538.269],"r":[[0.98357,0.165864,-0.0712711],[-0.16019,0.983912,0.0790908],[0.0832428,-0.0663744,0.994316]],"s":1.05034,"sphereCenter":[-56.5911,33.3371,47.7127],"sphereRadius":93.1797,"stabilizedPalmPosition":[-51.0027,92.3851,38.0266],"t":[-35.0113,-17.8455,-123.048],"timeVisible":0.226085}],"id":770835,"interactionBox":{"center":[0,200,0],"size":[221.418,221.418,154.742]},"pointables":[{"direction":[-0.158529,-0.184646,-0.969935],"handId":89,"id":94,"length":56.3402,"stabilizedTipPosition":[-59.6283,96.7448,-59.4473],"timeVisible":0.208694,"tipPosition":[-55.4639,95.756,-62.5648],"tipVelocity":[637.772,-153.231,-449.332],"tool":false,"touchDistance":0.333333,"touchZone":"hovering"},{"direction":[-0.250395,-0.0372154,-0.967428],"handId":89,"id":52,"length":42.1772,"stabilizedTipPosition":[-40.183,109.403,-50.7835],"timeVisible":0.347824,"tipPosition":[-33.9497,107.425,-55.7429],"tipVelocity":[635.684,-209.892,-432.403],"tool":false,"touchDistance":0.333333,"touchZone":"hovering"},{"direction":[-0.311454,-0.181491,-0.932769],"handId":89,"id":39,"length":51.24,"stabilizedTipPosition":[-105.828,103.174,-32.5309],"timeVisible":0.29565,"tipPosition":[-102.46,102.975,-36.2053],"tipVelocity":[574.059,-71.8355,-598.878],"tool":false,"touchDistance":0.333333,"touchZone":"hovering"},{"direction":[-0.105084,0.136319,-0.985076],"handId":89,"id":49,"length":49.3089,"stabilizedTipPosition":[1.4152,92.607,-29.5106],"timeVisible":0.278259,"tipPosition":[1.4152,92.607,-29.5106],"tipVelocity":[511.619,-237.022,-330.857],"tool":false,"touchDistance":0.333333,"touchZone":"hovering"},{"direction":[-0.633549,0.446407,-0.63193],"handId":89,"id":67,"length":33.4623,"stabilizedTipPosition":[-128.409,91.3075,62.1526],"timeVisible":0.086956,"tipPosition":[-128.015,91.3923,60.4728],"tipVelocity":[330.188,-71.2324,-618.33],"tool":false,"touchDistance":0.333333,"touchZone":"hovering"}],"r":[[0.580108,-0.0253251,0.814146],[-0.645191,0.595819,0.478255],[-0.497196,-0.802719,0.3293]],"s":-77.4589,"t":[-5292.12,-17648.5,11763.9],"timestamp":12191846740},

{"currentFrameRate":57.4999,"gestures":[],"hands":[{"direction":[-0.245136,0.243326,-0.938457],"id":89,"palmNormal":[-0.0536952,-0.969913,-0.237456],"palmPosition":[-35.9506,87.8509,23.9875],"palmVelocity":[415.555,-126.129,-380.621],"r":[[0.975167,0.191519,-0.111217],[-0.181371,0.978793,0.095226],[0.127096,-0.0726897,0.989223]],"s":1.04762,"sphereCenter":[-54.8719,30.1483,38.716],"sphereRadius":94.2223,"stabilizedPalmPosition":[-36.1299,87.9049,24.1548],"t":[-18.5875,-22.9094,-134.158],"timeVisible":0.260868}],"id":770839,"interactionBox":{"center":[0,200,0],"size":[221.418,221.418,154.742]},"pointables":[{"direction":[-0.127093,-0.207233,-0.970001],"handId":89,"id":94,"length":56.0801,"stabilizedTipPosition":[-35.0283,90.5258,-72.2191],"timeVisible":0.243477,"tipPosition":[-31.3558,89.5974,-74.1257],"tipVelocity":[696.213,-186.827,-330.699],"tool":false,"touchDistance":0.333333,"touchZone":"hovering"},{"direction":[-0.214674,-0.0665982,-0.974412],"handId":89,"id":52,"length":41.4759,"stabilizedTipPosition":[-17.2355,101.291,-62.7346],"timeVisible":0.382607,"tipPosition":[-10.5997,98.9447,-66.1906],"tipVelocity":[688.551,-254.058,-304.69],"tool":false,"touchDistance":0.258057,"touchZone":"hovering"},{"direction":[-0.291386,-0.197077,-0.936085],"handId":89,"id":39,"length":51.3636,"stabilizedTipPosition":[-82.7421,100.224,-50.4369],"timeVisible":0.330433,"tipPosition":[-79.8412,99.8528,-52.687],"tipVelocity":[652.735,-131.873,-467.487],"tool":false,"touchDistance":0.333333,"touchZone":"hovering"},{"direction":[-0.0721975,0.112955,-0.990974],"handId":89,"id":49,"length":49.0161,"stabilizedTipPosition":[21.0664,84.0219,-36.7674],"timeVisible":0.313042,"tipPosition":[21.0664,84.0219,-36.7674],"tipVelocity":[562.409,-253.516,-229.651],"tool":false,"touchDistance":0.333333,"touchZone":"hovering"},{"direction":[-0.640142,0.427237,-0.638504],"handId":89,"id":67,"length":34.4623,"stabilizedTipPosition":[-119.53,90.6982,37.1416],"timeVisible":0.121739,"tipPosition":[-119.316,90.6835,36.5398],"tipVelocity":[439.272,-104.044,-487.264],"tool":false,"touchDistance":0.333333,"touchZone":"hovering"}],"r":[[0.585409,0.0213242,0.810458],[-0.664994,0.584461,0.46496],[-0.463766,-0.811141,0.356329]],"s":-77.4616,"t":[-5275.7,-17653.6,11752.8],"timestamp":12191881523},

{"currentFrameRate":57.5002,"gestures":[],"hands":[{"direction":[-0.257819,0.255959,-0.931673],"id":89,"palmNormal":[-0.0750944,-0.966663,-0.244791],"palmPosition":[-26.8648,85.1772,19.4135],"palmVelocity":[522.445,-153.736,-263.014],"r":[[0.964351,0.215942,-0.152956],[-0.200238,0.973356,0.111723],[0.173006,-0.0771125,0.981897]],"s":1.04457,"sphereCenter":[-52.1135,26.7497,30.7336],"sphereRadius":95.3092,"stabilizedPalmPosition":[-28.0841,85.5362,20.0375],"t":[-4.51953,-27.0836,-141.097],"timeVisible":0.278259}],"id":770841,"interactionBox":{"center":[0,200,0],"size":[221.418,221.418,154.742]},"pointables":[{"direction":[-0.095266,-0.22845,-0.968883],"handId":89,"id":94,"length":55.9901,"stabilizedTipPosition":[-24.943,87.5777,-75.3845],"timeVisible":0.260868,"tipPosition":[-18.1227,85.584,-77.5251],"tipVelocity":[688.709,-188.269,-177.257],"tool":false,"touchDistance":0.333333,"touchZone":"hovering"},{"direction":[-0.177791,-0.0931338,-0.979651],"handId":89,"id":52,"length":40.4889,"stabilizedTipPosition":[-7.50253,97.6085,-65.9207],"timeVisible":0.399998,"tipPosition":[2.59138,93.7898,-69.225],"tipVelocity":[689.446,-247.093,-156.965],"tool":false,"touchDistance":0.284927,"touchZone":"hovering"},{"direction":[-0.269002,-0.212987,-0.939295],"handId":89,"id":39,"length":53.8249,"stabilizedTipPosition":[-72.9246,98.088,-55.5037],"timeVisible":0.347824,"tipPosition":[-66.885,96.7743,-58.6207],"tipVelocity":[672.652,-173.153,-317.153],"tool":false,"touchDistance":0.285661,"touchZone":"hovering"},{"direction":[-0.0362407,0.0881191,-0.99545],"handId":89,"id":49,"length":48.9522,"stabilizedTipPosition":[32.2137,78.9925,-38.3288],"timeVisible":0.330433,"tipPosition":[32.2137,78.9925,-38.3288],"tipVelocity":[579.1,-220.638,-87.8161],"tool":false,"touchDistance":0.333333,"touchZone":"hovering"},{"direction":[-0.642485,0.405572,-0.650172],"handId":89,"id":67,"length":35.3997,"stabilizedTipPosition":[-112.608,90.1224,24.5034],"timeVisible":0.13913,"tipPosition":[-110.85,89.9762,21.295],"tipVelocity":[357.936,-27.7875,-493.909],"tool":false,"touchDistance":0.333333,"touchZone":"hovering"}],"r":[[0.590896,0.0692194,0.803773],[-0.683492,0.572238,0.453191],[-0.42858,-0.817161,0.385444]],"s":-77.4646,"t":[-5261.63,-17657.8,11745.8],"timestamp":12191898914},

{"currentFrameRate":57.5013,"gestures":[],"hands":[{"direction":[-0.247855,0.272448,-0.929699],"id":89,"palmNormal":[-0.088605,-0.961995,-0.258291],"palmPosition":[-10.208,80.9671,16.3078],"palmVelocity":[478.89,-121.043,-89.289],"r":[[0.951646,0.236796,-0.195698],[-0.21498,0.968408,0.12637],[0.21944,-0.0781881,0.972488]],"s":1.03923,"sphereCenter":[-46.9874,23.2045,23.8023],"sphereRadius":96.1868,"stabilizedPalmPosition":[-10.6099,81.0699,16.3917],"t":[13.5399,-31.5888,-145.004],"timeVisible":0.313041}],"id":770845,"interactionBox":{"center":[0,200,0],"size":[221.418,221.418,154.742]},"pointables":[{"direction":[-0.0612294,-0.249572,-0.966418],"handId":89,"id":94,"length":56.0696,"stabilizedTipPosition":[-1.25994,81.4708,-78.4328],"timeVisible":0.29565,"tipPosition":[4.39043,80.0138,-79.1601],"tipVelocity":[651.089,-153.012,-55.455],"tool":false,"touchDistance":0.333333,"touchZone":"hovering"},{"direction":[-0.138216,-0.116967,-0.983471],"handId":89,"id":52,"length":42.7254,"stabilizedTipPosition":[15.7134,89.8626,-68.9582],"timeVisible":0.43478,"tipPosition":[25.0332,86.7531,-70.1776],"tipVelocity":[639.561,-190.968,-21.6156],"tool":false,"touchDistance":0.305506,"touchZone":"hovering"},{"direction":[-0.242678,-0.229056,-0.942677],"handId":89,"id":39,"length":53.9381,"stabilizedTipPosition":[-49.1484,93.1837,-62.0981],"timeVisible":0.382606,"tipPosition":[-43.9742,92.1164,-63.5332],"tipVelocity":[658.056,-144.664,-135.205],"tool":false,"touchDistance":0.27634,"touchZone":"hovering"},{"direction":[0.00818872,0.0554205,-0.99843],"handId":89,"id":49,"length":48.6795,"stabilizedTipPosition":[51.4501,72.5209,-36.986],"timeVisible":0.365215,"tipPosition":[51.4501,72.5209,-36.986],"tipVelocity":[556.413,-166.871,31.4709],"tool":false,"touchDistance":0.353475,"touchZone":"hovering"},{"direction":[-0.639166,0.377496,-0.670048],"handId":89,"id":67,"length":36.2474,"stabilizedTipPosition":[-94.6959,87.5943,9.31006],"timeVisible":0.173912,"tipPosition":[-93.4869,87.4237,8.28457],"tipVelocity":[527.844,-133.588,-200.086],"tool":false,"touchDistance":0.333333,"touchZone":"hovering"}],"r":[[0.597602,0.116176,0.793331],[-0.698629,0.560962,0.444117],[-0.393433,-0.819649,0.416396]],"s":-77.4699,"t":[-5243.57,-17662.3,11741.9],"timestamp":12191933696},

{"currentFrameRate":57.4994,"gestures":[],"hands":[{"direction":[-0.242531,0.287218,-0.926652],"id":89,"palmNormal":[-0.0965825,-0.957573,-0.271523],"palmPosition":[-0.91152,79.2833,17.6339],"palmVelocity":[534.529,-96.8147,76.2476],"r":[[0.938178,0.253165,-0.236072],[-0.225438,0.964391,0.138304],[0.262679,-0.0765344,0.961843]],"s":1.03274,"sphereCenter":[-41.1619,20.5217,18.2339],"sphereRadius":96.5548,"stabilizedPalmPosition":[-2.48357,79.5729,17.4325],"t":[27.7241,-34.3488,-145.9],"timeVisible":0.330433}],"id":770847,"interactionBox":{"center":[0,200,0],"size":[221.418,221.418,154.742]},"pointables":[{"direction":[-0.0293498,-0.268461,-0.962843],"handId":89,"id":94,"length":54.3861,"stabilizedTipPosition":[7.7699,79.4633,-77.826],"timeVisible":0.313042,"tipPosition":[15.5468,77.7344,-77.3034],"tipVelocity":[598.012,-86.1035,104.522],"tool":false,"touchDistance":0.333333,"touchZone":"hovering"},{"direction":[-0.10183,-0.134726,-0.985637],"handId":89,"id":52,"length":44.8568,"stabilizedTipPosition":[25.0393,87.3811,-68.441],"timeVisible":0.452172,"tipPosition":[36.3512,84.3711,-67.8136],"tipVelocity":[595.115,-66.2592,128.273],"tool":false,"touchDistance":0.343749,"touchZone":"hovering"},{"direction":[-0.213468,-0.243711,-0.946064],"handId":89,"id":39,"length":53.9578,"stabilizedTipPosition":[-39.8942,91.1539,-62.567],"timeVisible":0.399998,"tipPosition":[-32.1233,89.4495,-62.9607],"tipVelocity":[624.793,-80.2917,23.7482],"tool":false,"touchDistance":0.311007,"touchZone":"hovering"},{"direction":[0.046915,0.0228247,-0.998638],"handId":89,"id":49,"length":48.2927,"stabilizedTipPosition":[61.1354,70.3474,-34.0086],"timeVisible":0.382607,"tipPosition":[61.1354,70.3474,-34.0086],"tipVelocity":[513.273,-80.433,162.831],"tool":false,"touchDistance":0.396121,"touchZone":"hovering"},{"direction":[-0.634368,0.350179,-0.689168],"handId":89,"id":67,"length":37.015,"stabilizedTipPosition":[-84.6373,85.8573,6.83206],"timeVisible":0.191304,"tipPosition":[-80.3547,85.1178,5.77704],"tipVelocity":[474.093,-107.682,-131.137],"tool":false,"touchDistance":0.333333,"touchZone":"hovering"}],"r":[[0.604738,0.158829,0.780426],[-0.709974,0.551524,0.437902],[-0.360872,-0.818898,0.446293]],"s":-77.4764,"t":[-5229.39,-17665,11741],"timestamp":12191951088},

{"currentFrameRate":57.4999,"gestures":[],"hands":[{"direction":[-0.221798,0.299031,-0.928109],"id":89,"palmNormal":[-0.0996962,-0.953783,-0.283477],"palmPosition":[7.69329,78.1455,19.7965],"palmVelocity":[494.785,-65.4278,124.35],"r":[[0.925117,0.264551,-0.272344],[-0.231721,0.961616,0.146971],[0.300772,-0.0728576,0.950909]],"s":1.02538,"sphereCenter":[-34.7524,18.5392,14.0077],"sphereRadius":96.5038,"stabilizedPalmPosition":[5.99397,78.3838,19.4018],"t":[39.5731,-36.1309,-145.408],"timeVisible":0.347824}],"id":770849,"interactionBox":{"center":[0,200,0],"size":[221.418,221.418,154.742]},"pointables":[{"direction":[0.00739715,-0.286255,-0.958125],"handId":89,"id":94,"length":51.3395,"stabilizedTipPosition":[17.1502,77.8848,-75.7867],"timeVisible":0.330433,"tipPosition":[25.5334,76.4741,-73.9642],"tipVelocity":[555.588,-38.1355,185.986],"tool":false,"touchDistance":0.333333,"touchZone":"hovering"},{"direction":[-0.0779631,-0.17855,-0.980837],"handId":89,"id":52,"length":44.713,"stabilizedTipPosition":[34.8708,85.2779,-67.1971],"timeVisible":0.469563,"tipPosition":[46.5808,82.7729,-65.7155],"tipVelocity":[562.732,-56.7714,75.2655],"tool":false,"touchDistance":0.374178,"touchZone":"hovering"},{"direction":[-0.184166,-0.252961,-0.949786],"handId":89,"id":39,"length":53.8816,"stabilizedTipPosition":[-30.1636,89.2746,-61.8045],"timeVisible":0.417389,"tipPosition":[-21.2554,87.5542,-61.1064],"tipVelocity":[599.465,-58.1383,93.841],"tool":false,"touchDistance":0.341054,"touchZone":"hovering"},{"direction":[0.0789066,-0.00699514,-0.996857],"handId":89,"id":49,"length":47.8307,"stabilizedTipPosition":[69.7908,69.2885,-30.0245],"timeVisible":0.399998,"tipPosition":[69.7908,69.2885,-30.0245],"tipVelocity":[475.795,-35.2783,221.636],"tool":false,"touchDistance":0.333333,"touchZone":"hovering"},{"direction":[-0.62913,0.324606,-0.706277],"handId":89,"id":67,"length":37.5701,"stabilizedTipPosition":[-73.9833,83.6742,5.93566],"timeVisible":0.208695,"tipPosition":[-68.4555,82.5415,5.47055],"tipVelocity":[485.158,-146.793,-16.259],"tool":false,"touchDistance":0.333333,"touchZone":"hovering"}],"r":[[0.612286,0.195296,0.766136],[-0.717393,0.544555,0.434519],[-0.332344,-0.815671,0.473528]],"s":-77.4837,"t":[-5217.54,-17666.8,11741.5],"timestamp":12191968479},

{"currentFrameRate":57.5002,"gestures":[],"hands":[{"direction":[-0.202301,0.306351,-0.930174],"id":89,"palmNormal":[-0.0887379,-0.95164,-0.294122],"palmPosition":[15.9618,77.5413,22.3631],"palmVelocity":[475.445,-34.7394,147.581],"r":[[0.9137,0.271019,-0.302821],[-0.23437,0.960165,0.152166],[0.331998,-0.0680614,0.940821]],"s":1.00936,"sphereCenter":[-27.911,17.1184,10.9834],"sphereRadius":96.1403,"stabilizedPalmPosition":[14.3212,77.68,21.8757],"t":[49.7706,-37.1755,-143.249],"timeVisible":0.365215}],"id":770851,"interactionBox":{"center":[0,200,0],"size":[221.418,221.418,154.742]},"pointables":[{"direction":[0.0137293,-0.388822,-0.92121],"handId":89,"id":94,"length":49.2702,"stabilizedTipPosition":[27.0969,76.7369,-73.2221],"timeVisible":0.347824,"tipPosition":[35.6742,75.747,-71.0107],"tipVelocity":[595.412,-22.5535,131.986],"tool":false,"touchDistance":0.333333,"touchZone":"hovering"},{"direction":[-0.0150466,-0.184221,-0.98277],"handId":89,"id":52,"length":47.7292,"stabilizedTipPosition":[41.6143,83.5401,-64.3624],"timeVisible":0.486954,"tipPosition":[49.5128,81.5047,-61.0422],"tipVelocity":[-70.9002,-63.9338,302.42],"tool":false,"touchDistance":0.333333,"touchZone":"hovering"},{"direction":[-0.155109,-0.261586,-0.952635],"handId":89,"id":39,"length":54.0426,"stabilizedTipPosition":[-20.4129,87.7463,-59.6304],"timeVisible":0.43478,"tipPosition":[-11.2457,86.3095,-57.5864],"tipVelocity":[556.244,-33.5808,195.49],"tool":false,"touchDistance":0.393082,"touchZone":"hovering"},{"direction":[0.102947,-0.0327538,-0.994147],"handId":89,"id":49,"length":47.3836,"stabilizedTipPosition":[77.7942,69.0934,-25.3977],"timeVisible":0.417389,"tipPosition":[77.7942,69.0934,-25.3977],"tipVelocity":[450.979,-3.34158,248.528],"tool":false,"touchDistance":0.333333,"touchZone":"hovering"},{"direction":[-0.624041,0.302681,-0.720387],"handId":89,"id":67,"length":37.8426,"stabilizedTipPosition":[-63.7514,81.2237,6.66787],"timeVisible":0.226086,"tipPosition":[-57.5816,79.7461,7.10939],"tipVelocity":[490.499,-153.91,78.4959],"tool":false,"touchDistance":0.333333,"touchZone":"hovering"}],"r":[[0.620002,0.224063,0.751926],[-0.72112,0.540366,0.43358],[-0.309166,-0.811049,0.496604]],"s":-77.4997,"t":[-5207.34,-17667.9,11743.7],"timestamp":12191985870},

{"currentFrameRate":57.5009,"gestures":[],"hands":[{"direction":[-0.181932,0.315683,-0.93126],"id":89,"palmNormal":[-0.0826227,-0.948624,-0.305427],"palmPosition":[23.704,77.3158,25.6655],"palmVelocity":[445.186,-12.9707,189.894],"r":[[0.903738,0.273061,-0.32969],[-0.233961,0.960006,0.153785],[0.358497,-0.0618469,0.93148]],"s":0.992822,"sphereCenter":[-20.7546,16.3954,9.08557],"sphereRadius":95.4224,"stabilizedPalmPosition":[22.2329,77.3729,25.0713],"t":[58.6533,-37.4246,-139.624],"timeVisible":0.382606}],"id":770853,"interactionBox":{"center":[0,200,0],"size":[221.418,221.418,154.742]},"pointables":[{"direction":[0.0285193,-0.43777,-0.898634],"handId":89,"id":94,"length":48.5336,"stabilizedTipPosition":[36.7284,76.1245,-69.2239],"timeVisible":0.365215,"tipPosition":[44.3472,75.64,-66.0612],"tipVelocity":[478.571,3.52426,293.559],"tool":false,"touchDistance":0.333333,"touchZone":"hovering"},{"direction":[0.0308798,-0.18694,-0.981886],"handId":89,"id":52,"length":48.6754,"stabilizedTipPosition":[47.2488,82.4666,-60.2601],"timeVisible":0.504345,"tipPosition":[53.5678,81.2627,-55.6595],"tipVelocity":[304.27,-10.5869,295.609],"tool":false,"touchDistance":0.333333,"touchZone":"hovering"},{"direction":[-0.127885,-0.263917,-0.95603],"handId":89,"id":39,"length":54.4935,"stabilizedTipPosition":[-10.8371,86.5976,-56.0589],"timeVisible":0.452171,"tipPosition":[-2.11358,85.5512,-52.8053],"tipVelocity":[509.756,-18.0585,263.239],"tool":false,"touchDistance":0.333333,"touchZone":"hovering"},{"direction":[0.123861,-0.0521977,-0.990926],"handId":89,"id":49,"length":46.9908,"stabilizedTipPosition":[85.4182,69.4962,-19.7712],"timeVisible":0.43478,"tipPosition":[85.4182,69.4962,-19.7712],"tipVelocity":[437.501,18.2652,316.932],"tool":false,"touchDistance":0.333333,"touchZone":"hovering"},{"direction":[-0.620113,0.285359,-0.730774],"handId":89,"id":67,"length":37.8369,"stabilizedTipPosition":[-54.1391,78.6018,8.84185],"timeVisible":0.243477,"tipPosition":[-47.7555,76.8606,10.2856],"tipVelocity":[480.188,-147.628,162.313],"tool":false,"touchDistance":0.333333,"touchZone":"hovering"}],"r":[[0.628752,0.24711,0.737298],[-0.721473,0.539091,0.434577],[-0.290082,-0.805182,0.517238]],"s":-77.5163,"t":[-5198.46,-17668.1,11747.3],"timestamp":12192003261},

{"currentFrameRate":57.5013,"gestures":[],"hands":[{"direction":[-0.167077,0.321068,-0.932202],"id":89,"palmNormal":[-0.0633257,-0.947034,-0.314827],"palmPosition":[31.1796,77.251,29.8157],"palmVelocity":[429.856,-3.72382,238.641],"r":[[0.893455,0.27251,-0.357039],[-0.231997,0.96066,0.152673],[0.384598,-0.0535744,0.921528]],"s":0.98906,"sphereCenter":[-13.3625,16.157,8.30979],"sphereRadius":94.4749,"stabilizedPalmPosition":[29.8818,77.2687,29.1275],"t":[67.1255,-37.1836,-134.853],"timeVisible":0.399997}],"id":770855,"interactionBox":{"center":[0,200,0],"size":[221.418,221.418,154.742]},"pointables":[{"direction":[0.0185663,-0.520172,-0.85386],"handId":89,"id":94,"length":48.0998,"stabilizedTipPosition":[46.2711,76.0506,-64.112],"timeVisible":0.382606,"tipPosition":[52.9419,75.999,-60.5385],"tipVelocity":[497.763,22.0325,307.295],"tool":false,"touchDistance":0.333333,"touchZone":"hovering"},{"direction":[0.0598157,-0.187917,-0.980362],"handId":89,"id":52,"length":49.6898,"stabilizedTipPosition":[56.2778,81.9467,-54.6153],"timeVisible":0.521736,"tipPosition":[65.5591,81.4123,-48.8127],"tipVelocity":[995.176,14.2699,394.968],"tool":false,"touchDistance":0.333333,"touchZone":"hovering"},{"direction":[-0.10253,-0.264377,-0.958954],"handId":89,"id":39,"length":54.9328,"stabilizedTipPosition":[-1.55828,85.7805,-51.1357],"timeVisible":0.469562,"tipPosition":[6.26732,85.0913,-46.9836],"tipVelocity":[473.997,-12.8643,323.117],"tool":false,"touchDistance":0.333333,"touchZone":"hovering"},{"direction":[0.142342,-0.0655384,-0.987645],"handId":89,"id":49,"length":46.6717,"stabilizedTipPosition":[92.9544,70.268,-13.3864],"timeVisible":0.452171,"tipPosition":[92.9544,70.268,-13.3864],"tipVelocity":[439.019,32.4737,361.522],"tool":false,"touchDistance":0.333333,"touchZone":"hovering"},{"direction":[-0.616788,0.280391,-0.735495],"handId":89,"id":67,"length":37.5681,"stabilizedTipPosition":[-45.116,75.9812,12.2734],"timeVisible":0.260868,"tipPosition":[-38.8907,74.1732,14.6409],"tipVelocity":[461.383,-119.358,230.27],"tool":false,"touchDistance":0.333333,"touchZone":"hovering"}],"r":[[0.638834,0.268992,0.720787],[-0.719695,0.540059,0.436321],[-0.271901,-0.797483,0.5386]],"s":-77.52,"t":[-5189.99,-17667.9,11752.1],"timestamp":12192020652},

{"currentFrameRate":57.4994,"gestures":[],"hands":[{"direction":[-0.155166,0.323223,-0.933515],"id":89,"palmNormal":[-0.0419114,-0.946263,-0.320671],"palmPosition":[38.4816,77.2013,34.2478],"palmVelocity":[419.85,-2.85587,254.836],"r":[[0.885007,0.268661,-0.380242],[-0.228077,0.962177,0.148984],[0.405886,-0.0451277,0.912809]],"s":0.983689,"sphereCenter":[-5.76313,16.1325,8.62309],"sphereRadius":93.4714,"stabilizedPalmPosition":[37.3532,77.2102,33.5759],"t":[75.1937,-36.8432,-128.829],"timeVisible":0.417389}],"id":770857,"interactionBox":{"center":[0,200,0],"size":[221.418,221.418,154.742]},"pointables":[{"direction":[0.0104336,-0.578455,-0.815648],"handId":89,"id":94,"length":47.3894,"stabilizedTipPosition":[55.3537,76.4809,-57.7998],"timeVisible":0.399998,"tipPosition":[60.9672,76.7469,-53.8986],"tipVelocity":[462.265,38.0848,379.733],"tool":false,"touchDistance":0.333333,"touchZone":"hovering"},{"direction":[0.0772858,-0.18781,-0.97916],"handId":89,"id":52,"length":50.7636,"stabilizedTipPosition":[66.1979,81.8397,-47.6837],"timeVisible":0.539128,"tipPosition":[75.6317,81.7379,-41.0919],"tipVelocity":[462.245,19.5592,445.506],"tool":false,"touchDistance":0.333333,"touchZone":"hovering"},{"direction":[-0.0789117,-0.264257,-0.961219],"handId":89,"id":39,"length":56.3709,"stabilizedTipPosition":[7.34676,85.1894,-44.9345],"timeVisible":0.486954,"tipPosition":[14.1626,84.737,-40.188],"tipVelocity":[455.663,-17.8766,380.048],"tool":false,"touchDistance":0.333333,"touchZone":"hovering"},{"direction":[0.1585,-0.0730034,-0.984656],"handId":89,"id":49,"length":46.5005,"stabilizedTipPosition":[100.437,71.2346,-6.24562],"timeVisible":0.469563,"tipPosition":[100.437,71.2346,-6.24562],"tipVelocity":[436.415,40.195,408.326],"tool":false,"touchDistance":0.333333,"touchZone":"hovering"},{"direction":[-0.613257,0.285036,-0.736662],"handId":89,"id":67,"length":37.0277,"stabilizedTipPosition":[-36.2635,73.3631,17.1769],"timeVisible":0.27826,"tipPosition":[-30.256,71.5864,20.5046],"tipVelocity":[489.037,-123.634,332.915],"tool":false,"touchDistance":0.333333,"touchZone":"hovering"}],"r":[[0.649294,0.28535,0.704977],[-0.715599,0.543128,0.439238],[-0.257557,-0.789676,0.556846]],"s":-77.5254,"t":[-5181.92,-17667.5,11758.1],"timestamp":12192038044},

{"currentFrameRate":57.4999,"gestures":[],"hands":[{"direction":[-0.143879,0.32619,-0.934291],"id":89,"palmNormal":[-0.0184887,-0.944835,-0.327024],"palmPosition":[45.7156,76.966,38.9753],"palmVelocity":[415.962,-13.5326,271.836],"r":[[0.877622,0.263371,-0.40052],[-0.223453,0.963981,0.144255],[0.424086,-0.0371043,0.904861]],"s":0.9766,"sphereCenter":[2.02338,16.7708,10.3318],"sphereRadius":92.0099,"stabilizedPalmPosition":[44.736,76.9946,38.3428],"t":[82.9705,-36.7485,-121.678],"timeVisible":0.43478}],"id":770859,"interactionBox":{"center":[0,200,0],"size":[221.418,221.418,154.742]},"pointables":[{"direction":[0.0620815,-0.502359,-0.862428],"handId":89,"id":94,"length":46.038,"stabilizedTipPosition":[63.6609,77.0408,-50.3767],"timeVisible":0.417389,"tipPosition":[68.3646,77.3579,-46.1735],"tipVelocity":[424.221,20.2249,445.189],"tool":false,"touchDistance":0.333333,"touchZone":"hovering"},{"direction":[0.0911966,-0.186488,-0.978215],"handId":89,"id":52,"length":51.6192,"stabilizedTipPosition":[75.8578,81.9265,-39.7926],"timeVisible":0.556519,"tipPosition":[84.6365,82.0053,-32.6214],"tipVelocity":[433.749,7.23433,479.875],"tool":false,"touchDistance":0.333333,"touchZone":"hovering"},{"direction":[-0.0566098,-0.26541,-0.962472],"handId":89,"id":39,"length":57.9067,"stabilizedTipPosition":[15.9052,84.6842,-37.6295],"timeVisible":0.504345,"tipPosition":[21.8888,84.3311,-32.5223],"tipVelocity":[455.474,-28.3883,430.933],"tool":false,"touchDistance":0.333333,"touchZone":"hovering"},{"direction":[0.170124,-0.0771758,-0.982396],"handId":89,"id":49,"length":46.4618,"stabilizedTipPosition":[107.844,72.031,1.76389],"timeVisible":0.486954,"tipPosition":[107.844,72.031,1.76389],"tipVelocity":[430.89,25.8939,463.999],"tool":false,"touchDistance":0.333333,"touchZone":"hovering"},{"direction":[-0.605579,0.292678,-0.740009],"handId":89,"id":67,"length":36.1575,"stabilizedTipPosition":[-27.4682,70.8803,23.2285],"timeVisible":0.295651,"tipPosition":[-21.8075,69.2824,27.1233],"tipVelocity":[486.373,-101.453,359.769],"tool":false,"touchDistance":0.333333,"touchZone":"hovering"}],"r":[[0.659397,0.298424,0.690028],[-0.710616,0.547008,0.4425],[-0.245398,-0.782129,0.572761]],"s":-77.5325,"t":[-5174.14,-17667.4,11765.3],"timestamp":12192055435},

{"currentFrameRate":57.5002,"gestures":[],"hands":[{"direction":[-0.133032,0.323827,-0.936717],"id":89,"palmNormal":[0.00634041,-0.94482,-0.327529],"palmPosition":[53.3362,77.2584,42.5699],"palmVelocity":[438.191,16.8131,206.692],"r":[[0.870452,0.257924,-0.419271],[-0.219257,0.965731,0.138891],[0.440726,-0.0289704,0.897174]],"s":0.968044,"sphereCenter":[9.81907,17.5704,12.9232],"sphereRadius":90.486,"stabilizedPalmPosition":[52.4456,77.2311,42.1321],"t":[90.9052,-37.0287,-113.92],"timeVisible":0.452171}],"id":770861,"interactionBox":{"center":[0,200,0],"size":[221.418,221.418,154.742]},"pointables":[{"direction":[0.104979,-0.437212,-0.893211],"handId":89,"id":94,"length":44.3919,"stabilizedTipPosition":[71.7221,77.5487,-42.2662],"timeVisible":0.43478,"tipPosition":[76.0867,77.8236,-37.875],"tipVelocity":[459.434,8.62147,468.421],"tool":false,"touchDistance":0.333333,"touchZone":"hovering"},{"direction":[-0.0345542,-0.270517,-0.962095],"handId":89,"id":39,"length":59.1809,"stabilizedTipPosition":[24.2103,84.1801,-29.4784],"timeVisible":0.521736,"tipPosition":[29.6622,83.8492,-24.1275],"tipVelocity":[462.861,-35.0634,472.183],"tool":false,"touchDistance":0.333333,"touchZone":"hovering"},{"direction":[0.100986,-0.18918,-0.976736],"handId":89,"id":52,"length":52.3033,"stabilizedTipPosition":[84.7251,82.0173,-31.1136],"timeVisible":0.57391,"tipPosition":[92.7745,82.0997,-23.2352],"tipVelocity":[408.279,-8.07663,530.955],"tool":false,"touchDistance":0.333333,"touchZone":"hovering"},{"direction":[0.178378,-0.0689125,-0.981546],"handId":89,"id":49,"length":45.7298,"stabilizedTipPosition":[114.918,72.2329,10.4731],"timeVisible":0.504345,"tipPosition":[114.918,72.2329,10.4731],"tipVelocity":[406.67,-14.8803,500.069],"tool":false,"touchDistance":0.333333,"touchZone":"hovering"},{"direction":[-0.590438,0.295937,-0.750869],"handId":89,"id":67,"length":35.0643,"stabilizedTipPosition":[-18.7662,68.5981,30.0621],"timeVisible":0.313042,"tipPosition":[-13.5077,67.219,34.1915],"tipVelocity":[480.567,-95.5021,380.974],"tool":false,"touchDistance":0.333333,"touchZone":"hovering"}],"r":[[0.668777,0.31024,0.675639],[-0.705535,0.551392,0.445182],[-0.234428,-0.774415,0.587644]],"s":-77.541,"t":[-5166.21,-17667.7,11773],"timestamp":12192072826}]