[{"currentFrameRate":57.5002,"gestures":[],"hands":[{"direction":[-0.3233,0.491597,-0.808585],"id":21,"palmNormal":[0.235544,-0.785774,-0.571907],"palmPosition":[-35.9473,135.54,114.894],"palmVelocity":[-38.9473,23.4688,-194.705],"r":[[0.999943,-0.00883197,0.00599054],[0.00872653,0.99981,0.0174048],[-0.00614313,-0.0173515,0.999831]],"s":1.10886,"sphereCenter":[-11.8583,91.8915,66.7894],"sphereRadius":94.8849,"stabilizedPalmPosition":[-35.8039,135.467,115.582],"t":[-65.6102,-4.90395,-88.156],"timeVisible":0.278259}],"id":1084823,"interactionBox":{"center":[0,200,0],"size":[221.418,221.418,154.742]},"pointables":[{"direction":[-0.204543,0.0855241,-0.975114],"handId":21,"id":100,"length":43.5109,"stabilizedTipPosition":[-71.2165,168.336,14.3701],"timeVisible":0.156521,"tipPosition":[-71.4559,168.404,12.0643],"tipVelocity":[-38.7962,4.61956,-297.396],"tool":false,"touchDistance":0.333333,"touchZone":"hovering"},{"direction":[-0.315685,0.156941,-0.935795],"handId":21,"id":91,"length":52.231,"stabilizedTipPosition":[-47.1345,187.67,29.3317],"timeVisible":0.121738,"tipPosition":[-47.3917,187.915,27.6089],"tipVelocity":[-44.7021,42.2954,-294.554],"tool":false,"touchDistance":0.333333,"touchZone":"hovering"},{"direction":[-0.12759,0.429358,-0.894076],"handId":21,"id":98,"length":68.0609,"stabilizedTipPosition":[2.63161,191.33,42.404],"timeVisible":0.173912,"tipPosition":[2.40991,191.631,39.9996],"tipVelocity":[-35.0756,32.0278,-288.035],"tool":false,"touchDistance":0.333333,"touchZone":"hovering"},{"direction":[-0.275178,-0.112899,-0.954741],"handId":21,"id":79,"length":67.1309,"stabilizedTipPosition":[-101.251,135.622,40.4249],"timeVisible":0.243477,"tipPosition":[-101.251,135.622,40.4249],"tipVelocity":[-75.4186,11.878,-283.089],"tool":false,"touchDistance":0.333333,"touchZone":"hovering"},{"direction":[-0.663133,0.149376,-0.733445],"handId":21,"id":17,"length":25.8793,"stabilizedTipPosition":[-106.634,94.9542,135.755],"timeVisible":0,"tipPosition":[-106.634,94.9542,135.755],"tipVelocity":[-157.449,-64.9175,-185.463],"tool":false,"touchDistance":1,"touchZone":"none"}],"r":[[0.138817,0.89893,0.415517],[0.0151922,-0.421464,0.906718],[0.990201,-0.119555,-0.0721631]],"s":-115.249,"t":[-3505.87,-23711.6,17013.7],"timestamp":17317128568},

{"currentFrameRate":57.5009,"gestures":[],"hands":[{"direction":[-0.338209,0.477483,-0.81094],"id":21,"palmNormal":[0.240671,-0.789179,-0.565044],"palmPosition":[-36.5856,136.268,111.106],"palmVelocity":[-36.7037,41.8816,-217.785],"r":[[0.999965,-0.00673961,0.0050166],[0.00663299,0.999758,0.0209749],[-0.00515675,-0.0209409,0.999767]],"s":1.11899,"sphereCenter":[-12.3566,91.9967,60.7738],"sphereRadius":95.3433,"stabilizedPalmPosition":[-36.4267,136.105,112.016],"t":[-66.1529,-4.59662,-92.9552],"timeVisible":0.29565}],"id":1084825,"interactionBox":{"center":[0,200,0],"size":[221.418,221.418,154.742]},"pointables":[{"direction":[-0.205549,0.0798486,-0.975384],"handId":21,"id":100,"length":46.2746,"stabilizedTipPosition":[-71.5629,168.517,9.83024],"timeVisible":0.173912,"tipPosition":[-71.7795,168.63,6.99088],"tipVelocity":[-29.5991,10.1054,-299.031],"tool":false,"touchDistance":0.333333,"touchZone":"hovering"},{"direction":[-0.316224,0.158118,-0.935415],"handId":21,"id":91,"length":53.2729,"stabilizedTipPosition":[-47.6833,188.241,24.3124],"timeVisible":0.139129,"tipPosition":[-47.9281,188.496,22.0743],"tipVelocity":[-29.1785,30.1544,-289.774],"tool":false,"touchDistance":0.333333,"touchZone":"hovering"},{"direction":[-0.121944,0.427684,-0.895665],"handId":21,"id":98,"length":68.007,"stabilizedTipPosition":[2.43788,191.668,38.2497],"timeVisible":0.191303,"tipPosition":[2.30529,191.899,35.4063],"tipVelocity":[-20.6234,16.983,-276.343],"tool":false,"touchDistance":0.333333,"touchZone":"hovering"},{"direction":[-0.280178,-0.116123,-0.952899],"handId":21,"id":79,"length":67.726,"stabilizedTipPosition":[-102.246,135.91,35.8028],"timeVisible":0.260868,"tipPosition":[-102.246,135.91,35.8028],"tipVelocity":[-68.9234,14.6187,-274.981],"tool":false,"touchDistance":0.333333,"touchZone":"hovering"},{"direction":[-0.769425,0.159971,-0.618381],"handId":21,"id":17,"length":27.5929,"stabilizedTipPosition":[-108.607,94.7826,133.159],"timeVisible":0.017391,"tipPosition":[-108.621,94.7813,133.14],"tipVelocity":[-135.855,-2.27897,-175.888],"tool":false,"touchDistance":1,"touchZone":"none"}],"r":[[0.137832,0.898174,0.417476],[0.0184524,-0.423754,0.905589],[0.990284,-0.117116,-0.0749803]],"s":-115.239,"t":[-3506.41,-23711.3,17008.9],"timestamp":17317145959},

{"currentFrameRate":57.5013,"gestures":[],"hands":[{"direction":[-0.351285,0.463706,-0.813373],"id":21,"palmNormal":[0.244231,-0.793278,-0.557729],"palmPosition":[-37.1059,137.181,107.086],"palmVelocity":[-29.9163,52.4769,-231.159],"r":[[0.99999,-0.00296272,0.00324531],[0.00288063,0.999683,0.0250126],[-0.00331838,-0.025003,0.999682]],"s":1.12875,"sphereCenter":[-12.9584,92.309,55.1842],"sphereRadius":95.5081,"stabilizedPalmPosition":[-36.948,136.931,108.233],"t":[-66.3543,-4.10107,-97.7793],"timeVisible":0.313041}],"id":1084827,"interactionBox":{"center":[0,200,0],"size":[221.418,221.418,154.742]},"pointables":[{"direction":[-0.205471,0.0752214,-0.975768],"handId":21,"id":100,"length":49.06,"stabilizedTipPosition":[-71.6552,168.73,5.37383],"timeVisible":0.191303,"tipPosition":[-71.7256,168.893,1.97338],"tipVelocity":[-5.43547,11.4361,-294.716],"tool":false,"touchDistance":0.333333,"touchZone":"hovering"},{"direction":[-0.31637,0.162516,-0.934611],"handId":21,"id":91,"length":54.1372,"stabilizedTipPosition":[-48.025,188.869,19.1579],"timeVisible":0.15652,"tipPosition":[-48.2164,189.22,16.2696],"tipVelocity":[-14.3687,38.9434,-297.003],"tool":false,"touchDistance":0.333333,"touchZone":"hovering"},{"direction":[-0.116084,0.42509,-0.897676],"handId":21,"id":98,"length":67.8277,"stabilizedTipPosition":[2.4941,191.72,34.2418],"timeVisible":0.208694,"tipPosition":[2.54074,191.763,30.9168],"tipVelocity":[-3.42039,-2.90821,-270.043],"tool":false,"touchDistance":0.333333,"touchZone":"hovering"},{"direction":[-0.284566,-0.119202,-0.951217],"handId":21,"id":79,"length":67.7,"stabilizedTipPosition":[-103.033,136.383,31.1203],"timeVisible":0.278259,"tipPosition":[-103.033,136.383,31.1203],"tipVelocity":[-55.7835,24.1656,-276.454],"tool":false,"touchDistance":0.333333,"touchZone":"hovering"},{"direction":[-0.846015,0.171378,-0.504864],"handId":21,"id":17,"length":29.0068,"stabilizedTipPosition":[-110.594,94.893,130.323],"timeVisible":0.034782,"tipPosition":[-110.652,94.8962,130.241],"tipVelocity":[-128.646,15.6693,-179.98],"tool":false,"touchDistance":1,"touchZone":"none"}],"r":[[0.136052,0.896799,0.421],[0.0219506,-0.427576,0.903713],[0.990458,-0.113711,-0.0778579]],"s":-115.229,"t":[-3506.61,-23710.8,17004],"timestamp":17317163350},

{"currentFrameRate":57.4994,"gestures":[],"hands":[{"direction":[-0.362015,0.450495,-0.816088],"id":21,"palmNormal":[0.246727,-0.797941,-0.549924],"palmPosition":[-37.536,138.09,102.905],"palmVelocity":[-24.7281,52.3067,-240.427],"r":[[0.999998,0.00154603,0.00134459],[-0.00158505,0.999563,0.0295185],[-0.00129837,-0.0295206,0.999563]],"s":1.13951,"sphereCenter":[-13.4819,92.4057,49.836],"sphereRadius":95.7778,"stabilizedPalmPosition":[-37.3805,137.784,104.314],"t":[-66.072,-3.62676,-102.657],"timeVisible":0.330433}],"id":1084829,"interactionBox":{"center":[0,200,0],"size":[221.418,221.418,154.742]},"pointables":[{"direction":[-0.204857,0.0724457,-0.976107],"handId":21,"id":100,"length":51.9114,"stabilizedTipPosition":[-71.4373,169.069,0.977676],"timeVisible":0.208695,"tipPosition":[-71.2372,169.38,-3.05691],"tipVelocity":[20.3509,24.4645,-294.058],"tool":false,"touchDistance":0.333333,"touchZone":"hovering"},{"direction":[-0.314825,0.165399,-0.934627],"handId":21,"id":91,"length":54.8928,"stabilizedTipPosition":[-47.9797,189.312,13.9902],"timeVisible":0.173912,"tipPosition":[-47.9484,189.617,10.4257],"tipVelocity":[18.7303,18.627,-294.096],"tool":false,"touchDistance":0.333333,"touchZone":"hovering"},{"direction":[-0.109455,0.424188,-0.898935],"handId":21,"id":98,"length":67.7472,"stabilizedTipPosition":[2.8401,191.771,30.2472],"timeVisible":0.226086,"tipPosition":[3.18349,191.821,26.2827],"tipVelocity":[16.9809,6.38582,-274.166],"tool":false,"touchDistance":0.333333,"touchZone":"hovering"},{"direction":[-0.288995,-0.121055,-0.949646],"handId":21,"id":79,"length":67.6382,"stabilizedTipPosition":[-103.526,136.948,26.3918],"timeVisible":0.295651,"tipPosition":[-103.526,136.948,26.3918],"tipVelocity":[-38.7619,28.6923,-277.315],"tool":false,"touchDistance":0.333333,"touchZone":"hovering"},{"direction":[-0.903831,0.161974,-0.396047],"handId":21,"id":17,"length":31.371,"stabilizedTipPosition":[-112.467,95.0865,127.533],"timeVisible":0.052174,"tipPosition":[-112.586,95.0988,127.355],"tipVelocity":[-115.071,18.3489,-170.176],"tool":false,"touchDistance":0.955919,"touchZone":"none"}],"r":[[0.134141,0.895111,0.425185],[0.025819,-0.432074,0.901468],[0.990626,-0.109946,-0.0810698]],"s":-115.218,"t":[-3506.33,-23710.3,16999.2],"timestamp":17317180742},

{"currentFrameRate":57.4999,"gestures":[],"hands":[{"direction":[-0.371208,0.436135,-0.81975],"id":21,"palmNormal":[0.247467,-0.804432,-0.540046],"palmPosition":[-37.8938,138.953,98.6362],"palmVelocity":[-20.5743,49.6201,-245.448],"r":[[0.999957,0.0090634,-0.00187091],[-0.00899363,0.999367,0.0344308],[0.00218178,-0.0344125,0.999405]],"s":1.15036,"sphereCenter":[-14.0485,92.2747,44.7288],"sphereRadius":96.1018,"stabilizedPalmPosition":[-37.7404,138.604,100.333],"t":[-65.2793,-2.88062,-107.353],"timeVisible":0.347824}],"id":1084831,"interactionBox":{"center":[0,200,0],"size":[221.418,221.418,154.742]},"pointables":[{"direction":[-0.202667,0.0703781,-0.976716],"handId":21,"id":100,"length":54.745,"stabilizedTipPosition":[-70.871,169.587,-3.31934],"timeVisible":0.226086,"tipPosition":[-70.2531,170.153,-8.00894],"tipVelocity":[49.1829,40.3228,-288.893],"tool":false,"touchDistance":0.333333,"touchZone":"hovering"},{"direction":[-0.312401,0.169267,-0.934748],"handId":21,"id":91,"length":55.4969,"stabilizedTipPosition":[-47.5415,189.734,8.98436],"timeVisible":0.191303,"tipPosition":[-47.1753,190.088,4.80127],"tipVelocity":[47.1237,24.1971,-280.258],"tool":false,"touchDistance":0.333333,"touchZone":"hovering"},{"direction":[-0.292313,-0.12337,-0.948332],"handId":21,"id":79,"length":67.487,"stabilizedTipPosition":[-103.792,137.773,21.756],"timeVisible":0.313042,"tipPosition":[-103.792,137.773,21.756],"tipVelocity":[-26.1743,42.101,-272.026],"tool":false,"touchDistance":0.333333,"touchZone":"hovering"},{"direction":[-0.101152,0.421337,-0.901246],"handId":21,"id":98,"length":67.4076,"stabilizedTipPosition":[3.6259,191.46,26.3542],"timeVisible":0.243477,"tipPosition":[4.54922,191.095,21.7799],"tipVelocity":[52.8291,-33.8061,-267.275],"tool":false,"touchDistance":0.333333,"touchZone":"hovering"},{"direction":[-0.932474,0.137684,-0.333968],"handId":21,"id":17,"length":33.3276,"stabilizedTipPosition":[-114.427,95.5551,124.654],"timeVisible":0.069565,"tipPosition":[-114.643,95.6068,124.337],"tipVelocity":[-116.691,36.7238,-169.438],"tool":false,"touchDistance":0.905612,"touchZone":"none"}],"r":[[0.130911,0.892255,0.432139],[0.0296847,-0.439222,0.897888],[0.99095,-0.104716,-0.0839855]],"s":-115.207,"t":[-3505.54,-23709.6,16994.5],"timestamp":17317198133},

{"currentFrameRate":57.5002,"gestures":[],"hands":[{"direction":[-0.378636,0.424179,-0.822622],"id":21,"palmNormal":[0.246504,-0.810478,-0.531378],"palmPosition":[-38.0616,139.915,94.2942],"palmVelocity":[-9.65063,55.2741,-249.672],"r":[[0.999802,0.0188853,-0.00631039],[-0.0186246,0.999062,0.039092],[0.00704274,-0.0389667,0.999216]],"s":1.16099,"sphereCenter":[-14.7913,92.4074,39.8707],"sphereRadius":96.1428,"stabilizedPalmPosition":[-37.9537,139.474,96.3232],"t":[-63.9244,-1.81051,-112.054],"timeVisible":0.365215}],"id":1084833,"interactionBox":{"center":[0,200,0],"size":[221.418,221.418,154.742]},"pointables":[{"direction":[-0.198979,0.0693241,-0.977549],"handId":21,"id":100,"length":57.6422,"stabilizedTipPosition":[-69.931,170.386,-7.47799],"timeVisible":0.243477,"tipPosition":[-68.7226,171.413,-12.8238],"tipVelocity":[78.3568,68.4186,-281.269],"tool":false,"touchDistance":0.333333,"touchZone":"hovering"},{"direction":[-0.307823,0.173126,-0.93556],"handId":21,"id":91,"length":56.0471,"stabilizedTipPosition":[-46.6716,190.159,4.07236],"timeVisible":0.208694,"tipPosition":[-45.8024,190.583,-0.836283],"tipVelocity":[80.5421,26.0057,-282.587],"tool":false,"touchDistance":0.333333,"touchZone":"hovering"},{"direction":[-0.295263,-0.12449,-0.947271],"handId":21,"id":79,"length":67.4548,"stabilizedTipPosition":[-103.786,139.009,17.1114],"timeVisible":0.330433,"tipPosition":[-103.786,139.009,17.1114],"tipVelocity":[-11.6181,63.3902,-271.464],"tool":false,"touchDistance":0.333333,"touchZone":"hovering"},{"direction":[-0.0902976,0.418501,-0.903717],"handId":21,"id":98,"length":67.1282,"stabilizedTipPosition":[4.93416,190.873,22.548],"timeVisible":0.260868,"tipPosition":[6.73819,190.063,17.2993],"tipVelocity":[96.0873,-48.5795,-264.912],"tool":false,"touchDistance":0.333333,"touchZone":"hovering"},{"direction":[-0.960457,0.132059,-0.24512],"handId":21,"id":17,"length":35.3539,"stabilizedTipPosition":[-116.323,96.2541,121.502],"timeVisible":0.086956,"tipPosition":[-116.643,96.3719,120.97],"tipVelocity":[-108.757,50.4975,-180.926],"tool":false,"touchDistance":0.849507,"touchZone":"none"}],"r":[[0.126452,0.888459,0.441192],[0.0329995,-0.448284,0.893282],[0.991424,-0.0983981,-0.0860051]],"s":-115.197,"t":[-3504.18,-23708.5,16989.8],"timestamp":17317215524},

{"currentFrameRate":57.5009,"gestures":[],"hands":[{"direction":[-0.384197,0.411305,-0.826571],"id":21,"palmNormal":[0.241826,-0.819195,-0.520038],"palmPosition":[-38.1186,141.02,90.054],"palmVelocity":[-3.27882,63.5521,-243.816],"r":[[0.999456,0.0310311,-0.0111754],[-0.0305128,0.99857,0.0438971],[0.0125215,-0.0435322,0.998974]],"s":1.17128,"sphereCenter":[-15.7739,92.6391,35.255],"sphereRadius":96.0321,"stabilizedPalmPosition":[-38.0562,140.435,92.4264],"t":[-61.964,-0.233434,-116.537],"timeVisible":0.382606}],"id":1084835,"interactionBox":{"center":[0,200,0],"size":[221.418,221.418,154.742]},"pointables":[{"direction":[-0.192915,0.069036,-0.978784],"handId":21,"id":100,"length":60.4853,"stabilizedTipPosition":[-68.5973,171.475,-11.4682],"timeVisible":0.260868,"tipPosition":[-66.5938,173.111,-17.4624],"tipVelocity":[110.797,92.4144,-271.893],"tool":false,"touchDistance":0.333333,"touchZone":"hovering"},{"direction":[-0.301425,0.17818,-0.936694],"handId":21,"id":91,"length":56.4403,"stabilizedTipPosition":[-45.3639,190.748,-0.588065],"timeVisible":0.226085,"tipPosition":[-43.8173,191.445,-6.09929],"tipVelocity":[114.478,48.5745,-267.281],"tool":false,"touchDistance":0.333333,"touchZone":"hovering"},{"direction":[-0.297463,-0.122701,-0.946816],"handId":21,"id":79,"length":67.472,"stabilizedTipPosition":[-103.585,140.978,12.459],"timeVisible":0.347824,"tipPosition":[-103.585,140.978,12.459],"tipVelocity":[-0.606732,103.102,-271.001],"tool":false,"touchDistance":0.255793,"touchZone":"hovering"},{"direction":[-0.0766645,0.41466,-0.906741],"handId":21,"id":98,"length":66.9041,"stabilizedTipPosition":[6.65613,189.958,18.8958],"timeVisible":0.278259,"tipPosition":[9.42255,188.488,13.0285],"tipVelocity":[124.183,-77.4304,-253.929],"tool":false,"touchDistance":0.333333,"touchZone":"hovering"},{"direction":[-0.969222,0.114617,-0.21788],"handId":21,"id":17,"length":36.7173,"stabilizedTipPosition":[-117.93,97.2753,118.367],"timeVisible":0.104347,"tipPosition":[-118.313,97.5189,117.619],"tipVelocity":[-86.1401,73.1305,-175.512],"tool":false,"touchDistance":0.79365,"touchZone":"none"}],"r":[[0.121539,0.883551,0.452289],[0.0361591,-0.459306,0.887542],[0.991928,-0.0915167,-0.087772]],"s":-115.186,"t":[-3502.22,-23706.9,16985.3],"timestamp":17317232915},

{"currentFrameRate":57.5013,"gestures":[],"hands":[{"direction":[-0.388544,0.401762,-0.829229],"id":21,"palmNormal":[0.23333,-0.827706,-0.510353],"palmPosition":[-38.0503,142.434,85.811],"palmVelocity":[3.93095,81.3181,-243.973],"r":[[0.998786,0.0461673,-0.017172],[-0.0452723,0.997758,0.0492884],[0.019409,-0.0484512,0.998637]],"s":1.18049,"sphereCenter":[-16.953,93.1363,30.9341],"sphereRadius":95.7019,"stabilizedPalmPosition":[-38.0528,141.591,88.6018],"t":[-59.5845,1.80152,-120.851],"timeVisible":0.399997}],"id":1084837,"interactionBox":{"center":[0,200,0],"size":[221.418,221.418,154.742]},"pointables":[{"direction":[-0.185118,0.069759,-0.980237],"handId":21,"id":100,"length":63.3525,"stabilizedTipPosition":[-66.9349,172.847,-15.2561],"timeVisible":0.278259,"tipPosition":[-64.0358,175.239,-21.8618],"tipVelocity":[134.325,116.038,-259.371],"tool":false,"touchDistance":0.333333,"touchZone":"hovering"},{"direction":[-0.293487,0.183126,-0.938259],"handId":21,"id":91,"length":56.7474,"stabilizedTipPosition":[-43.6775,191.425,-4.95468],"timeVisible":0.243476,"tipPosition":[-41.338,192.363,-11.0126],"tipVelocity":[139.851,50.5808,-255.286],"tool":false,"touchDistance":0.333333,"touchZone":"hovering"},{"direction":[-0.299449,-0.119384,-0.946614],"handId":21,"id":79,"length":67.6338,"stabilizedTipPosition":[-103.179,143.644,7.95188],"timeVisible":0.365215,"tipPosition":[-103.179,143.645,7.95103],"tipVelocity":[11.1383,142.093,-263.631],"tool":false,"touchDistance":0.180661,"touchZone":"hovering"},{"direction":[-0.060866,0.410269,-0.909931],"handId":21,"id":98,"length":66.4727,"stabilizedTipPosition":[8.6954,188.763,15.4057],"timeVisible":0.29565,"tipPosition":[12.4889,186.539,8.91337],"tipVelocity":[147.175,-96.4749,-245.209],"tool":false,"touchDistance":0.333333,"touchZone":"hovering"},{"direction":[-0.890313,0.0767187,-0.44884],"handId":21,"id":17,"length":38.2489,"stabilizedTipPosition":[-119.488,98.7754,115.183],"timeVisible":0.121738,"tipPosition":[-119.987,99.2555,114.163],"tipVelocity":[-85.619,109.386,-176.82],"tool":false,"touchDistance":0.736055,"touchZone":"none"}],"r":[[0.115448,0.877214,0.466011],[0.0395108,-0.472833,0.880266],[0.992527,-0.0832127,-0.0892472]],"s":-115.177,"t":[-3499.84,-23704.9,16981],"timestamp":17317250306},

{"currentFrameRate":57.4994,"gestures":[],"hands":[{"direction":[-0.390469,0.394628,-0.831747],"id":21,"palmNormal":[0.22051,-0.837077,-0.500677],"palmPosition":[-37.7664,143.957,81.9311],"palmVelocity":[16.3232,87.5612,-223.089],"r":[[0.997693,0.0637328,-0.0233812],[-0.0623582,0.996513,0.0554399],[0.026833,-0.053854,0.998188]],"s":1.18838,"sphereCenter":[-18.3178,93.8817,26.8064],"sphereRadius":95.2114,"stabilizedPalmPosition":[-37.8993,142.858,85.0275],"t":[-56.9485,4.15736,-124.854],"timeVisible":0.417389}],"id":1084839,"interactionBox":{"center":[0,200,0],"size":[221.418,221.418,154.742]},"pointables":[{"direction":[-0.175981,0.0706759,-0.981853],"handId":21,"id":100,"length":66.1858,"stabilizedTipPosition":[-65.0277,174.46,-18.7906],"timeVisible":0.295651,"tipPosition":[-61.1897,177.707,-25.9033],"tipVelocity":[149.315,133.196,-241.146],"tool":false,"touchDistance":0.333333,"touchZone":"hovering"},{"direction":[-0.284331,0.187574,-0.940198],"handId":21,"id":91,"length":57.0188,"stabilizedTipPosition":[-41.6725,192.16,-8.96976],"timeVisible":0.260868,"tipPosition":[-38.4331,193.348,-15.4567],"tipVelocity":[160.482,53.4836,-237.309],"tool":false,"touchDistance":0.333333,"touchZone":"hovering"},{"direction":[-0.301518,-0.113616,-0.946667],"handId":21,"id":79,"length":67.868,"stabilizedTipPosition":[-102.452,146.923,3.72453],"timeVisible":0.382607,"tipPosition":[-102.45,146.93,3.71552],"tipVelocity":[29.0257,176.281,-250.142],"tool":false,"touchDistance":0.110069,"touchZone":"hovering"},{"direction":[-0.0423483,0.403561,-0.913972],"handId":21,"id":98,"length":66.1538,"stabilizedTipPosition":[10.9434,187.273,12.1291],"timeVisible":0.313042,"tipPosition":[15.7591,184.082,5.10997],"tipVelocity":[156.76,-122.87,-228.227],"tool":false,"touchDistance":0.333333,"touchZone":"hovering"},{"direction":[-0.903851,0.0546775,-0.42434],"handId":21,"id":17,"length":38.9467,"stabilizedTipPosition":[-120.847,100.752,112.089],"timeVisible":0.13913,"tipPosition":[-121.409,101.569,110.809],"tipVelocity":[-69.7409,142.369,-168.797],"tool":false,"touchDistance":0.680157,"touchZone":"none"}],"r":[[0.109078,0.869487,0.481762],[0.0433128,-0.488351,0.871572],[0.993089,-0.074203,-0.0909284]],"s":-115.169,"t":[-3497.21,-23702.5,16977],"timestamp":17317267698},

{"currentFrameRate":57.4999,"gestures":[],"hands":[{"direction":[-0.39072,0.391517,-0.833098],"id":21,"palmNormal":[0.203691,-0.845831,-0.493031],"palmPosition":[-37.2671,145.724,78.0644],"palmVelocity":[28.7114,101.592,-222.337],"r":[[0.996013,0.0839053,-0.0303093],[-0.0818893,0.994677,0.0625484],[0.0353961,-0.059817,0.997582]],"s":1.19523,"sphereCenter":[-19.8017,94.9892,22.9698],"sphereRadius":94.4719,"stabilizedPalmPosition":[-37.586,144.278,81.5766],"t":[-54.0519,6.62951,-128.699],"timeVisible":0.43478}],"id":1084841,"interactionBox":{"center":[0,200,0],"size":[221.418,221.418,154.742]},"pointables":[{"direction":[-0.166532,0.0730671,-0.983325],"handId":21,"id":100,"length":69.1796,"stabilizedTipPosition":[-62.9251,176.235,-22.0925],"timeVisible":0.313042,"tipPosition":[-58.0689,180.335,-29.7187],"tipVelocity":[164.371,140.129,-229.431],"tool":false,"touchDistance":0.333333,"touchZone":"hovering"},{"direction":[-0.273864,0.191465,-0.942518],"handId":21,"id":91,"length":57.3224,"stabilizedTipPosition":[-39.3922,192.918,-12.677],"timeVisible":0.278259,"tipPosition":[-35.1282,194.336,-19.6095],"tipVelocity":[179.645,53.0118,-228.514],"tool":false,"touchDistance":0.333333,"touchZone":"hovering"},{"direction":[-0.30252,-0.107767,-0.947031],"handId":21,"id":79,"length":68.0747,"stabilizedTipPosition":[-101.369,150.672,-0.275718],"timeVisible":0.399998,"tipPosition":[-101.36,150.702,-0.307822],"tipVelocity":[49.2824,202.481,-239.298],"tool":false,"touchDistance":0.0430135,"touchZone":"hovering"},{"direction":[-0.0207957,0.394036,-0.91886],"handId":21,"id":98,"length":65.868,"stabilizedTipPosition":[13.3219,185.561,9.08014],"timeVisible":0.330433,"tipPosition":[19.1598,181.36,1.5964],"tipVelocity":[170.697,-139.825,-211.647],"tool":false,"touchDistance":0.333333,"touchZone":"hovering"},{"direction":[-0.915649,0.041984,-0.399781],"handId":21,"id":17,"length":39.3674,"stabilizedTipPosition":[-122.089,103.236,109.034],"timeVisible":0.156521,"tipPosition":[-122.733,104.524,107.449],"tipVelocity":[-64.9187,178.934,-167.323],"tool":false,"touchDistance":0.624157,"touchZone":"none"}],"r":[[0.101903,0.860207,0.499659],[0.0477389,-0.505924,0.861256],[0.993648,-0.0639115,-0.0926206]],"s":-115.162,"t":[-3494.31,-23700,16973.1],"timestamp":17317285089},

{"currentFrameRate":57.5002,"gestures":[],"hands":[{"direction":[-0.388561,0.391568,-0.834084],"id":21,"palmNormal":[0.182167,-0.8547,-0.48611],"palmPosition":[-36.4175,147.606,74.407],"palmVelocity":[48.8513,108.218,-210.307],"r":[[0.993691,0.106215,-0.0360053],[-0.103429,0.992029,0.0719779],[0.0433634,-0.0677998,0.996756]],"s":1.19667,"sphereCenter":[-21.2442,95.9706,19.3584],"sphereRadius":93.922,"stabilizedPalmPosition":[-37.0512,145.801,78.2951],"t":[-50.9402,9.18055,-132.272],"timeVisible":0.452171}],"id":1084843,"interactionBox":{"center":[0,200,0],"size":[221.418,221.418,154.742]},"pointables":[{"direction":[-0.155914,0.076446,-0.984808],"handId":21,"id":100,"length":68.4335,"stabilizedTipPosition":[-60.6184,178.117,-25.1289],"timeVisible":0.330433,"tipPosition":[-54.543,183.075,-33.1263],"tipVelocity":[187.193,144.991,-208.214],"tool":false,"touchDistance":0.333333,"touchZone":"hovering"},{"direction":[-0.261946,0.193997,-0.945383],"handId":21,"id":91,"length":57.5559,"stabilizedTipPosition":[-36.8288,193.602,-16.0657],"timeVisible":0.29565,"tipPosition":[-31.3133,195.073,-23.3568],"tipVelocity":[207.01,38.6576,-212.957],"tool":false,"touchDistance":0.333333,"touchZone":"hovering"},{"direction":[-0.302906,-0.100072,-0.947752],"handId":21,"id":79,"length":68.2468,"stabilizedTipPosition":[-99.8691,154.816,-3.97484],"timeVisible":0.417389,"tipPosition":[-99.8214,154.948,-4.09255],"tipVelocity":[74.5814,228.682,-226.907],"tool":false,"touchDistance":-0.0700652,"touchZone":"hovering"},{"direction":[0.00241094,0.380631,-0.924724],"handId":21,"id":98,"length":65.4896,"stabilizedTipPosition":[15.7246,183.701,6.30161],"timeVisible":0.347824,"tipPosition":[22.4431,178.498,-1.46787],"tipVelocity":[168.656,-150.758,-185.857],"tool":false,"touchDistance":0.333333,"touchZone":"hovering"},{"direction":[-0.903419,0.0565559,-0.425013],"handId":21,"id":17,"length":39.2885,"stabilizedTipPosition":[-122.517,106.68,105.854],"timeVisible":0.173912,"tipPosition":[-122.788,108.86,103.841],"tipVelocity":[20.9709,278.569,-177.582],"tool":false,"touchDistance":0.564025,"touchZone":"none"}],"r":[[0.0958411,0.84929,0.519155],[0.0542178,-0.525236,0.849228],[0.993919,-0.0532435,-0.0963857]],"s":-115.161,"t":[-3491.2,-23697.5,16969.5],"timestamp":17317302480},

{"currentFrameRate":57.5009,"gestures":[],"hands":[{"direction":[-0.384264,0.39499,-0.83446],"id":21,"palmNormal":[0.158841,-0.862092,-0.481215],"palmPosition":[-35.1752,149.474,71.2543],"palmVelocity":[71.4326,107.453,-181.279],"r":[[0.990465,0.130503,-0.0441365],[-0.126628,0.988601,0.0814414],[0.0542617,-0.0750759,0.9957]],"s":1.19752,"sphereCenter":[-22.5423,97.2637,16.128],"sphereRadius":93.1861,"stabilizedPalmPosition":[-36.2585,147.353,75.3203],"t":[-47.8623,11.4532,-135.451],"timeVisible":0.469562}],"id":1084845,"interactionBox":{"center":[0,200,0],"size":[221.418,221.418,154.742]},"pointables":[{"direction":[-0.143939,0.0784296,-0.986474],"handId":21,"id":100,"length":67.0762,"stabilizedTipPosition":[-58.0698,179.999,-27.8762],"timeVisible":0.347824,"tipPosition":[-50.484,185.6,-36.0533],"tipVelocity":[217.021,131.646,-182.72],"tool":false,"touchDistance":0.288267,"touchZone":"hovering"},{"direction":[-0.248659,0.196128,-0.948526],"handId":21,"id":91,"length":60.271,"stabilizedTipPosition":[-33.9996,194.195,-19.1112],"timeVisible":0.313041,"tipPosition":[-27.0394,195.656,-26.6034],"tipVelocity":[230.278,30.6808,-191.334],"tool":false,"touchDistance":0.333333,"touchZone":"hovering"},{"direction":[-0.301316,-0.092938,-0.948984],"handId":21,"id":79,"length":68.3778,"stabilizedTipPosition":[-97.7139,159.157,-7.25381],"timeVisible":0.43478,"tipPosition":[-97.6093,159.368,-7.41296],"tipVelocity":[113.207,234.796,-202.897],"tool":false,"touchDistance":-0.135456,"touchZone":"hovering"},{"direction":[0.0273786,0.365261,-0.930502],"handId":21,"id":98,"length":65.1782,"stabilizedTipPosition":[18.1261,181.812,3.85066],"timeVisible":0.365215,"tipPosition":[25.7169,175.843,-3.89619],"tipVelocity":[171.883,-137.984,-150.324],"tool":false,"touchDistance":0.295338,"touchZone":"hovering"},{"direction":[-0.894634,0.0722455,-0.440919],"handId":21,"id":17,"length":39.309,"stabilizedTipPosition":[-122.862,110.56,102.571],"timeVisible":0.191303,"tipPosition":[-123.123,113.489,100.092],"tipVelocity":[-16.6979,263.974,-183.096],"tool":false,"touchDistance":0.501532,"touchZone":"none"}],"r":[[0.0872458,0.837013,0.540182],[0.060496,-0.545701,0.835794],[0.994348,-0.0402406,-0.098246]],"s":-115.16,"t":[-3488.12,-23695.2,16966.4],"timestamp":17317319871},

{"currentFrameRate":57.5013,"gestures":[],"hands":[{"direction":[-0.377881,0.400205,-0.834891],"id":21,"palmNormal":[0.135772,-0.86805,-0.477551],"palmPosition":[-33.5308,151.238,68.5998],"palmVelocity":[94.554,101.438,-152.639],"r":[[0.986565,0.154842,-0.0520896],[-0.149754,0.984576,0.0904603],[0.0652932,-0.0814444,0.994537]],"s":1.19823,"sphereCenter":[-23.6325,98.6688,13.1978],"sphereRadius":92.4743,"stabilizedPalmPosition":[-35.1932,148.871,72.6956],"t":[-44.7772,13.6999,-138.142],"timeVisible":0.486953}],"id":1084847,"interactionBox":{"center":[0,200,0],"size":[221.418,221.418,154.742]},"pointables":[{"direction":[-0.130076,0.0796984,-0.988296],"handId":21,"id":100,"length":66.0346,"stabilizedTipPosition":[-55.2759,181.87,-30.3668],"timeVisible":0.365215,"tipPosition":[-46.0078,188.075,-38.6289],"tipVelocity":[239.737,129.919,-163.501],"tool":false,"touchDistance":0.255741,"touchZone":"hovering"},{"direction":[-0.234099,0.197818,-0.951875],"handId":21,"id":91,"length":62.6045,"stabilizedTipPosition":[-30.9337,194.712,-21.7811],"timeVisible":0.330432,"tipPosition":[-22.3836,196.152,-29.2268],"tipVelocity":[249.253,26.6837,-161.908],"tool":false,"touchDistance":0.333333,"touchZone":"hovering"},{"direction":[-0.29854,-0.0847005,-0.950631],"handId":21,"id":79,"length":68.4576,"stabilizedTipPosition":[-95.063,163.541,-10.3507],"timeVisible":0.452171,"tipPosition":[-94.8861,163.833,-10.5573],"tipVelocity":[142.186,235.041,-193.091],"tool":false,"touchDistance":-0.196969,"touchZone":"hovering"},{"direction":[0.0525716,0.347003,-0.93639],"handId":21,"id":98,"length":64.8622,"stabilizedTipPosition":[20.5168,179.907,1.69311],"timeVisible":0.382606,"tipPosition":[28.955,173.181,-5.92216],"tipVelocity":[171.772,-140.003,-129.214],"tool":false,"touchDistance":0.267315,"touchZone":"hovering"},{"direction":[-0.888056,0.0864695,-0.451531],"handId":21,"id":17,"length":40.1719,"stabilizedTipPosition":[-122.82,114.525,99.4152],"timeVisible":0.208694,"tipPosition":[-122.783,118.024,96.6298],"tipVelocity":[37.2712,223.16,-168.089],"tool":false,"touchDistance":0.44383,"touchZone":"none"}],"r":[[0.0787411,0.824089,0.56096],[0.0663532,-0.565792,0.821874],[0.994684,-0.0274938,-0.0992321]],"s":-115.159,"t":[-3485.04,-23693,16963.7],"timestamp":17317337262},

{"currentFrameRate":57.4994,"gestures":[],"hands":[{"direction":[-0.369536,0.406861,-0.835408],"id":21,"palmNormal":[0.113397,-0.872581,-0.475125],"palmPosition":[-31.5114,152.867,66.5129],"palmVelocity":[116.111,93.6492,-119.991],"r":[[0.981641,0.180135,-0.0627033],[-0.1735,0.979868,0.0987715],[0.0792332,-0.0860792,0.993133]],"s":1.19788,"sphereCenter":[-24.4593,100.276,10.6262],"sphereRadius":91.6954,"stabilizedPalmPosition":[-33.8595,150.318,70.456],"t":[-41.5231,15.9468,-140.336],"timeVisible":0.504345}],"id":1084849,"interactionBox":{"center":[0,200,0],"size":[221.418,221.418,154.742]},"pointables":[{"direction":[-0.115689,0.0824608,-0.989857],"handId":21,"id":100,"length":66.6103,"stabilizedTipPosition":[-52.2538,183.744,-32.5732],"timeVisible":0.382607,"tipPosition":[-41.3268,190.521,-40.5512],"tipVelocity":[249.831,129.611,-126.582],"tool":false,"touchDistance":0.240299,"touchZone":"hovering"},{"direction":[-0.218721,0.196707,-0.955755],"handId":21,"id":91,"length":62.8016,"stabilizedTipPosition":[-27.6904,195.119,-24.0903],"timeVisible":0.347824,"tipPosition":[-17.5789,196.389,-31.2896],"tipVelocity":[255.288,13.2035,-134.001],"tool":false,"touchDistance":0.303,"touchZone":"hovering"},{"direction":[-0.294583,-0.0756506,-0.952627],"handId":21,"id":79,"length":68.5746,"stabilizedTipPosition":[-91.9746,167.816,-13.1968],"timeVisible":0.469563,"tipPosition":[-91.7128,168.178,-13.4381],"tipVelocity":[167.33,226.121,-178.515],"tool":false,"touchDistance":-0.249484,"touchZone":"hovering"},{"direction":[0.0767867,0.326129,-0.942201],"handId":21,"id":98,"length":64.5109,"stabilizedTipPosition":[22.904,178.016,-0.158412],"timeVisible":0.399998,"tipPosition":[32.1182,170.719,-7.30511],"tipVelocity":[170.064,-130.237,-93.0937],"tool":false,"touchDistance":0.252542,"touchZone":"hovering"},{"direction":[-0.882375,0.132968,-0.451368],"handId":21,"id":17,"length":41.2335,"stabilizedTipPosition":[-122.732,118.522,96.1658],"timeVisible":0.226086,"tipPosition":[-122.643,122.576,92.8709],"tipVelocity":[2.6481,212.977,-184.524],"tool":false,"touchDistance":0.381182,"touchZone":"none"}],"r":[[0.0674667,0.810164,0.582307],[0.0714226,-0.586061,0.807113],[0.995162,-0.0128633,-0.0974036]],"s":-115.16,"t":[-3481.78,-23690.7,16961.5],"timestamp":17317354654},

{"currentFrameRate":57.4999,"gestures":[],"hands":[{"direction":[-0.359879,0.413254,-0.836486],"id":21,"palmNormal":[0.0947852,-0.875723,-0.473418],"palmPosition":[-29.4485,154.233,64.9807],"palmVelocity":[118.617,78.5477,-88.1027],"r":[[0.976197,0.204238,-0.0729805],[-0.19601,0.97483,0.106242],[0.0928422,-0.089408,0.991658]],"s":1.19685,"sphereCenter":[-25.0506,101.917,8.38548],"sphereRadius":90.9308,"stabilizedPalmPosition":[-32.3697,151.641,68.6067],"t":[-38.1457,18.0135,-141.961],"timeVisible":0.521736}],"id":1084851,"interactionBox":{"center":[0,200,0],"size":[221.418,221.418,154.742]},"pointables":[{"direction":[-0.100751,0.0843452,-0.99133],"handId":21,"id":100,"length":66.8523,"stabilizedTipPosition":[-49.0165,185.626,-34.5231],"timeVisible":0.399998,"tipPosition":[-36.708,192.78,-41.9368],"tipVelocity":[244.985,120.417,-96.4409],"tool":false,"touchDistance":0.23525,"touchZone":"hovering"},{"direction":[-0.202651,0.191737,-0.960297],"handId":21,"id":91,"length":62.616,"stabilizedTipPosition":[-24.3091,195.386,-26.0204],"timeVisible":0.365215,"tipPosition":[-12.8012,196.295,-32.5893],"tipVelocity":[251.086,-4.2054,-93.9311],"tool":false,"touchDistance":0.288248,"touchZone":"hovering"},{"direction":[-0.288638,-0.0667636,-0.955108],"handId":21,"id":79,"length":68.722,"stabilizedTipPosition":[-88.5845,171.686,-15.5475],"timeVisible":0.486954,"tipPosition":[-88.239,172.081,-15.7871],"tipVelocity":[183.195,198.583,-149.138],"tool":false,"touchDistance":-0.288104,"touchZone":"hovering"},{"direction":[0.0996477,0.304162,-0.947394],"handId":21,"id":98,"length":64.2147,"stabilizedTipPosition":[25.2888,176.128,-1.74717],"timeVisible":0.417389,"tipPosition":[35.0424,168.407,-8.24507],"tipVelocity":[157.496,-123.084,-69.791],"tool":false,"touchDistance":0.245297,"touchZone":"hovering"},{"direction":[-0.85869,0.161074,-0.486525],"handId":21,"id":17,"length":42.1221,"stabilizedTipPosition":[-122.353,122.309,93.0732],"timeVisible":0.243477,"tipPosition":[-121.917,126.661,89.519],"tipVelocity":[49.1865,167.911,-164.645],"tool":false,"touchDistance":0.333333,"touchZone":"none"}],"r":[[0.0564576,0.79624,0.602341],[0.0758302,-0.604981,0.792621],[0.995521,0.0009262,-0.0945348]],"s":-115.161,"t":[-3478.41,-23688.7,16959.9],"timestamp":17317372045},

{"currentFrameRate":57.5002,"gestures":[],"hands":[{"direction":[-0.348617,0.422101,-0.836838],"id":21,"palmNormal":[0.0762006,-0.87713,-0.474169],"palmPosition":[-27.459,155.28,63.8905],"palmVelocity":[114.401,60.1977,-62.6906],"r":[[0.970301,0.227177,-0.0830993],[-0.21735,0.969563,0.112723],[0.106178,-0.0913137,0.990145]],"s":1.19674,"sphereCenter":[-25.4525,103.915,6.63251],"sphereRadius":89.8731,"stabilizedPalmPosition":[-30.813,152.794,67.1116],"t":[-34.936,19.5387,-143.323],"timeVisible":0.539127}],"id":1084853,"interactionBox":{"center":[0,200,0],"size":[221.418,221.418,154.742]},"pointables":[{"direction":[-0.085345,0.0847358,-0.992742],"handId":21,"id":100,"length":66.9491,"stabilizedTipPosition":[-45.5569,187.529,-36.2314],"timeVisible":0.417389,"tipPosition":[-32.3908,194.772,-42.7323],"tipVelocity":[227.607,107.081,-63.3328],"tool":false,"touchDistance":0.237961,"touchZone":"hovering"},{"direction":[-0.186451,0.188131,-0.964283],"handId":21,"id":91,"length":62.336,"stabilizedTipPosition":[-20.8361,195.51,-27.6775],"timeVisible":0.382606,"tipPosition":[-8.37276,195.954,-33.6241],"tipVelocity":[229.841,-16.693,-80.0723],"tool":false,"touchDistance":0.278237,"touchZone":"hovering"},{"direction":[-0.282567,-0.0568268,-0.957563],"handId":21,"id":79,"length":68.8894,"stabilizedTipPosition":[-85.1628,175.116,-17.3503],"timeVisible":0.504345,"tipPosition":[-84.7977,175.482,-17.5427],"tipVelocity":[179.362,171.797,-116.205],"tool":false,"touchDistance":-0.313961,"touchZone":"touching"},{"direction":[0.119815,0.27978,-0.952559],"handId":21,"id":98,"length":63.8074,"stabilizedTipPosition":[27.6807,174.147,-3.08588],"timeVisible":0.43478,"tipPosition":[37.6043,165.925,-8.63988],"tipVelocity":[138.163,-133.936,-41.5481],"tool":false,"touchDistance":0.247033,"touchZone":"hovering"},{"direction":[-0.841925,0.189058,-0.505391],"handId":21,"id":17,"length":43.272,"stabilizedTipPosition":[-121.811,125.662,90.3102],"timeVisible":0.260868,"tipPosition":[-121.113,129.983,86.7486],"tipVelocity":[44.6418,115.507,-138.19],"tool":false,"touchDistance":0.333333,"touchZone":"hovering"}],"r":[[0.045547,0.782388,0.621123],[0.0794195,-0.622636,0.778471],[0.9958,0.0138723,-0.0904961]],"s":-115.161,"t":[-3475.2,-23687.1,16958.5],"timestamp":17317389436},

{"currentFrameRate":57.5009,"gestures":[],"hands":[{"direction":[-0.335317,0.430729,-0.837876],"id":21,"palmNormal":[0.0577011,-0.878306,-0.474605],"palmPosition":[-25.7156,155.919,63.414],"palmVelocity":[100.247,36.7445,-27.3992],"r":[[0.963569,0.250543,-0.0936118],[-0.238945,0.963642,0.119579],[0.120168,-0.0928545,0.988402]],"s":1.19392,"sphereCenter":[-25.8065,105.802,5.82489],"sphereRadius":88.8956,"stabilizedPalmPosition":[-29.2838,153.732,66.0024],"t":[-31.9892,20.7022,-144.188],"timeVisible":0.556518}],"id":1084855,"interactionBox":{"center":[0,200,0],"size":[221.418,221.418,154.742]},"pointables":[{"direction":[-0.0703689,0.0855813,-0.993843],"handId":21,"id":100,"length":66.9961,"stabilizedTipPosition":[-41.8281,189.426,-37.6905],"timeVisible":0.43478,"tipPosition":[-28.4052,196.253,-42.9429],"tipVelocity":[211.835,80.8867,-30.1525],"tool":false,"touchDistance":0.246785,"touchZone":"hovering"},{"direction":[-0.1705,0.183995,-0.968027],"handId":21,"id":91,"length":62.0162,"stabilizedTipPosition":[-17.2762,195.415,-29.0888],"timeVisible":0.399997,"tipPosition":[-4.39125,195.069,-34.197],"tipVelocity":[207.535,-46.0315,-53.8448],"tool":false,"touchDistance":0.275518,"touchZone":"hovering"},{"direction":[-0.275675,-0.0473095,-0.960086],"handId":21,"id":79,"length":69.1096,"stabilizedTipPosition":[-81.8838,178.065,-18.441],"timeVisible":0.521736,"tipPosition":[-81.5519,178.364,-18.5514],"tipVelocity":[168.015,146.725,-74.4762],"tool":false,"touchDistance":-0.326028,"touchZone":"touching"},{"direction":[0.136222,0.253449,-0.957709],"handId":21,"id":98,"length":63.4692,"stabilizedTipPosition":[30.0653,171.963,-4.19341],"timeVisible":0.452171,"tipPosition":[39.6143,163.217,-8.62859],"tipVelocity":[109.315,-147.027,-20.4291],"tool":false,"touchDistance":0.254288,"touchZone":"hovering"},{"direction":[-0.831451,0.219686,-0.510321],"handId":21,"id":17,"length":44.1023,"stabilizedTipPosition":[-121.154,128.828,87.6648],"timeVisible":0.278259,"tipPosition":[-120.216,133.349,83.8867],"tipVelocity":[44.9443,140.462,-147.803],"tool":false,"touchDistance":0.333333,"touchZone":"hovering"}],"r":[[0.034136,0.767653,0.639957],[0.0833524,-0.640286,0.763601],[0.995935,0.0272757,-0.0858425]],"s":-115.164,"t":[-3472.25,-23686,16957.6],"timestamp":17317406827},

